0 , 20200716 , 43.78551947884262 , 87.66805747523905
1 , 20200716 , 43.80421718241783 , 87.57313070455339
2 , 20200717 , 43.876944305375225 , 87.5442863814533
3 , 20200717 , 43.83197349496185 , 87.51902405172586
4 , 20200717 , 43.80535316392779 , 87.52780584711583
5 , 20200717 , 43.78912925021723 , 87.61002494953573
6 , 20200717 , 43.84519529342651 , 87.56358902156353
7 , 20200717 , 43.808639984110144 , 87.61266451420872
8 , 20200717 , 43.81729187909514 , 87.61222595348957
9 , 20200718 , 43.77298675244675 , 87.6224793680012
10 , 20200718 , 43.807048771859094 , 87.70233011092333
11 , 20200718 , 43.78098536463481 , 87.5836678636052
12 , 20200719 , 43.78213909920304 , 87.59848734363916
13 , 20200719 , 43.807783992961035 , 87.63553149998188
14 , 20200720 , 43.849340506962356 , 87.6118121109903
15 , 20200720 , 43.83326699025928 , 87.62381611391899
16 , 20200720 , 43.79277904517949 , 87.60661711916326
17 , 20200720 , 43.833410424854726 , 87.66009706040394
18 , 20200721 , 43.83556495420636 , 87.57947491481899
19 , 20200721 , 43.979233559221036 , 87.64311033301054
20 , 20200722 , 43.823251370340586 , 87.59788183495401
21 , 20200722 , 43.78368275240064 , 87.6109785921872
22 , 20200722 , 43.88598645416399 , 87.46622463688256
23 , 20200722 , 43.817733982577906 , 87.58133495226501
24 , 20200722 , 43.78246846608817 , 87.60996300727129
25 , 20200723 , 43.83775097317994 , 87.5808689184487
26 , 20200723 , 43.79690545611083 , 87.67973905429245
27 , 20200723 , 43.82885716855526 , 87.57550936192274
28 , 20200723 , 43.76036999747158 , 87.60748397558929
29 , 20200724 , 43.74307322781533 , 87.62761827092619
30 , 20200724 , 43.7783940229565 , 87.6086770556867
31 , 20200724 , 43.776484494219005 , 87.62541890873209
32 , 20200724 , 43.775549351703376 , 87.6274610683322
33 , 20200724 , 43.718775166198604 , 87.61419285088778
34 , 20200724 , 43.828265831017724 , 87.57753446841471
35 , 20200724 , 43.766397206112735 , 87.63529073819521
36 , 20200724 , 43.79051188815778 , 87.61189831812916
37 , 20200725 , 43.7777487630956 , 87.61373742017895
38 , 20200725 , 43.94862586632371 , 87.66787726432085
39 , 20200725 , 44.02267133722044 , 87.77450768657181
40 , 20200725 , 43.82084998732003 , 87.57877310737966
41 , 20200725 , 43.77373600124635 , 87.62842149727724
42 , 20200725 , 43.78683774647389 , 87.62731903825295
43 , 20200725 , 43.7850841695746 , 87.6223528909302
44 , 20200725 , 43.76907194964586 , 87.63233199343088
45 , 20200725 , 43.767321193590746 , 87.6177978403866
46 , 20200725 , 43.77273053862155 , 87.60669393092394
47 , 20200725 , 43.77727484330535 , 87.6241157390177
48 , 20200725 , 43.78529729465888 , 87.62515875314114
49 , 20200725 , 43.85108005285121 , 87.61190645883133
50 , 20200726 , 43.9083785015977 , 87.59767102592545
51 , 20200726 , 43.86531884316355 , 87.60082237422466
52 , 20200726 , 43.85056476574393 , 87.53351472783835
53 , 20200726 , 43.84279201738536 , 87.58351838216188
54 , 20200726 , 43.944491995498545 , 87.63545287773012
55 , 20200726 , 43.72822538683457 , 87.5904184925769
56 , 20200726 , 43.797368969147406 , 87.61574116225044
57 , 20200727 , 43.921704225358546 , 87.55016447743402
58 , 20200727 , 43.789203743293115 , 87.58260640206854
59 , 20200727 , 43.7537567038089 , 87.61921366676687
60 , 20200727 , 43.828367488203604 , 87.48576766288241
61 , 20200727 , 43.85432168282569 , 87.55773643031715
62 , 20200727 , 43.823080966249115 , 87.60934593155979
63 , 20200727 , 43.74090760946274 , 87.6137044094503
64 , 20200727 , 43.80216187966817 , 87.56318168037319
65 , 20200727 , 43.83623188635444 , 87.51394326743834
66 , 20200727 , 43.9215752016753 , 87.63809023424982
67 , 20200727 , 43.83390708370325 , 87.57647869652327
68 , 20200728 , 43.83954788558186 , 87.56543397903444
69 , 20200728 , 43.93223453080281 , 87.62304158415645
70 , 20200728 , 43.76985423825682 , 87.58398202434181
71 , 20200728 , 43.80282637663185 , 87.65089040908676
72 , 20200728 , 43.756825877353535 , 87.63882072642444
73 , 20200728 , 43.913005855200545 , 87.62614130175537
74 , 20200728 , 43.85033679194749 , 87.60220438862841
75 , 20200729 , 43.78521248535254 , 87.61678546015173
76 , 20200729 , 43.82250605151057 , 87.59346951730551
77 , 20200729 , 43.776923924712335 , 87.57966377091275
78 , 20200729 , 43.95911649021912 , 87.66170442544602
79 , 20200729 , 43.80582031042826 , 87.60714896984638
80 , 20200729 , 43.78430795855821 , 87.62021290138365
81 , 20200729 , 43.779661646112785 , 87.61182004585864
82 , 20200729 , 43.79515115484283 , 87.62317347164442
83 , 20200729 , 43.785452982410796 , 87.61820359155537
84 , 20200729 , 43.78736982742946 , 87.61826359977323
85 , 20200729 , 43.78056149929762 , 87.62716552242638
86 , 20200729 , 43.77810878679156 , 87.63279732316731
87 , 20200729 , 44.02635564096271 , 87.79969872906807
88 , 20200729 , 43.773966467008 , 87.60673976317051
89 , 20200729 , 43.770884820420676 , 87.60295052787869
90 , 20200729 , 43.7836624732749 , 87.620639890771
91 , 20200729 , 43.93346945755183 , 87.60524651035665
92 , 20200730 , 43.77865838818251 , 87.61481073126198
93 , 20200730 , 43.95970699377357 , 87.68464291468261
94 , 20200730 , 43.82070309769075 , 87.57574007058372
95 , 20200730 , 43.76994260083619 , 87.60365705363346
96 , 20200730 , 43.77168498001994 , 87.60054191574457
97 , 20200730 , 43.837594817206266 , 87.5827052168548
98 , 20200730 , 43.95563649013639 , 87.69438126124443
99 , 20200730 , 43.791471524164066 , 87.60730655863883
100 , 20200730 , 43.761756783351316 , 87.61478164148602
101 , 20200730 , 43.84063618533775 , 87.64190708008417
102 , 20200730 , 43.869474548846476 , 87.54967734217645
103 , 20200731 , 43.78576754704117 , 87.61806103810667
104 , 20200731 , 43.780049951747074 , 87.61401498690249
105 , 20200731 , 43.837836001600536 , 87.58235718522755
106 , 20200731 , 43.786634750930325 , 87.61305266459074
107 , 20200731 , 43.78147048316897 , 87.61064334958792
108 , 20200731 , 43.86438899673522 , 87.64331007376312
109 , 20200801 , 43.775235207299175 , 87.58437875367572
110 , 20200801 , 43.759572962299 , 87.63055784627797
111 , 20200802 , 43.77511954866349 , 87.62340892106295
112 , 20200802 , 43.76677162263091 , 87.63387308011104
113 , 20200802 , 43.76903823537237 , 87.63261043526073
114 , 20200802 , 43.770980402827256 , 87.60919461399317
115 , 20200802 , 43.78065295827886 , 87.61041584114237
116 , 20200802 , 43.7615759856999 , 87.6252945140004
117 , 20200802 , 43.8121195768439 , 87.60505602786868
118 , 20200802 , 43.774336110252676 , 87.62687658671949
119 , 20200803 , 43.787893267348394 , 87.60167803242805
120 , 20200803 , 43.84482858516275 , 87.5579871609807
121 , 20200803 , 43.88227294106592 , 87.55787867526884
