0 , 20200611 , 39.900939214374816 , 116.34651825242376
1 , 20200612 , 39.89276449935621 , 116.3648499104687
2 , 20200612 , 39.83517761255593 , 116.33887046948077
3 , 20200612 , 39.846632990520455 , 116.37500911485405
4 , 20200612 , 39.860104415518926 , 116.35882994815258
5 , 20200613 , 39.820915991440415 , 116.33715597912668
6 , 20200613 , 39.821704692085795 , 116.33404977700633
7 , 20200613 , 39.933227482917054 , 116.37375892006924
8 , 20200613 , 39.82087492011488 , 116.33720794692637
9 , 20200613 , 39.76317306049168 , 116.32801601663229
10 , 20200613 , 39.81034621037543 , 116.324818957597
11 , 20200613 , 39.81768749188632 , 116.33365150541069
12 , 20200613 , 39.81904482182402 , 116.32793368055272
13 , 20200613 , 39.816549128852785 , 116.33128210902214
14 , 20200613 , 39.820263544097536 , 116.33734457194805
15 , 20200613 , 39.82030981220304 , 116.33719996735456
16 , 20200613 , 39.88888087682426 , 116.2550090812147
17 , 20200613 , 40.002406202838756 , 116.51511151576416
18 , 20200613 , 39.82212550006807 , 116.3412344455719
19 , 20200613 , 39.84355981283142 , 116.3158910498163
20 , 20200613 , 39.721111999824636 , 116.32970547303556
21 , 20200614 , 39.78029241971672 , 116.3684853836894
22 , 20200614 , 39.82028523646296 , 116.33680829778316
23 , 20200614 , 39.807750360108905 , 116.33725931961092
24 , 20200614 , 39.83311668969691 , 116.38145802542569
25 , 20200614 , 39.818872870304254 , 116.35199232600056
26 , 20200614 , 40.07718195207417 , 116.60404013469817
27 , 20200614 , 39.8424509447068 , 116.38085385784508
28 , 20200614 , 39.846793944016106 , 116.46388800814749
29 , 20200614 , 39.81650040484965 , 116.31565706804396
30 , 20200614 , 39.738371588177706 , 116.36584567704372
31 , 20200614 , 39.79718679397861 , 116.33568098111185
32 , 20200614 , 39.879066618159406 , 116.38693737611177
33 , 20200614 , 39.71473767941947 , 116.34019400188049
34 , 20200614 , 39.92760364065303 , 116.30770064454448
35 , 20200615 , 39.847866349275506 , 116.32153064044644
36 , 20200615 , 39.83057378120721 , 116.37076251134278
37 , 20200615 , 39.820458004251115 , 116.33731288835405
38 , 20200615 , 39.8698562105081 , 116.36713128103285
39 , 20200615 , 39.84628767706454 , 116.33023554459213
40 , 20200615 , 39.8436875655674 , 116.31607528632652
41 , 20200615 , 39.81847073577917 , 116.2816454217927
42 , 20200615 , 39.81265649199486 , 116.33063601795584
43 , 20200616 , 39.876470318413354 , 116.24584333738312
44 , 20200616 , 39.90713652758364 , 116.2591373456761
45 , 20200616 , 39.924427541305434 , 116.40479600988328
46 , 20200616 , 39.93198078814085 , 116.23821358884807
47 , 20200616 , 40.018943885341294 , 116.39285821840168
48 , 20200616 , 39.877669801935546 , 116.34648161008957
49 , 20200616 , 39.82250234325017 , 116.33968853045788
50 , 20200616 , 39.82400013805302 , 116.32386681862002
51 , 20200616 , 39.8077426571399 , 116.32258588448168
52 , 20200616 , 39.83701754854445 , 116.37308481971131
53 , 20200617 , 39.76833508925184 , 116.38305491274772
54 , 20200617 , 39.828877037729725 , 116.32223603908312
55 , 20200617 , 39.81218488620861 , 116.34776914492252
56 , 20200617 , 39.89119369935776 , 116.35154054633207
57 , 20200617 , 39.811849479070474 , 116.3198101235663
58 , 20200617 , 39.81353555805981 , 116.32675537839529
59 , 20200617 , 39.89085306752134 , 116.40394316647541
60 , 20200617 , 39.72433811053634 , 116.34455891791731
61 , 20200617 , 39.88348825983703 , 116.25051428452134
62 , 20200618 , 39.81405769474805 , 116.3274642638862
63 , 20200618 , 39.81635872862841 , 116.30773751947441
64 , 20200618 , 39.81529510481969 , 116.32815573854666
65 , 20200618 , 39.82330942103131 , 116.32833068851721
66 , 20200618 , 39.81998077593744 , 116.36265719309448
67 , 20200618 , 39.77408277326402 , 116.32448000597066
68 , 20200618 , 39.81275302357972 , 116.32488990202543
69 , 20200618 , 39.77066730814321 , 116.4147925130757
70 , 20200618 , 39.805396370855824 , 116.3639843117978
71 , 20200619 , 39.85422701574861 , 116.39166316017507
72 , 20200619 , 39.72513322800316 , 116.40597408637406
73 , 20200619 , 39.82081700116396 , 116.33721498772499
74 , 20200619 , 39.72039782814681 , 116.42181749269363
75 , 20200619 , 39.90127324685455 , 116.36923265084623
76 , 20200619 , 39.73314493611131 , 116.31555207559595
77 , 20200619 , 39.85554782033432 , 116.419591892045
78 , 20200619 , 39.84253737024002 , 116.35950473948351
79 , 20200619 , 39.84887215308846 , 116.41475736800777
80 , 20200620 , 39.99438555730344 , 116.51467446075048
81 , 20200620 , 40.03279675729573 , 116.24365048483013
82 , 20200620 , 39.83153772773221 , 116.31254386156796
83 , 20200620 , 39.863492835313075 , 116.35834946483374
84 , 20200620 , 39.820156507194035 , 116.33797757327557
85 , 20200620 , 39.82237808872014 , 116.34359350827124
86 , 20200620 , 39.54969678226174 , 116.41911924037399
87 , 20200621 , 39.82543160894611 , 116.31499337521002
88 , 20200621 , 39.823113761135716 , 116.33465806793035
89 , 20200621 , 39.856830143835396 , 116.36862646555528
90 , 20200621 , 39.94464854709804 , 116.38804098591207
91 , 20200621 , 40.05412199534476 , 116.98191024363041
92 , 20200622 , 39.70640797354282 , 116.4170056320727
93 , 20200622 , 40.02720451913774 , 116.43379999324681
94 , 20200622 , 39.82121163979173 , 116.34114606305955
95 , 20200623 , 39.86755383855386 , 116.40530626163692
96 , 20200623 , 39.853101996704936 , 116.27643914893272
97 , 20200623 , 39.83485374182206 , 116.38852781198662
98 , 20200623 , 39.81757225476494 , 116.3115352938607
99 , 20200623 , 39.690404048888006 , 116.4018961857073
100 , 20200624 , 39.812127387580965 , 116.29957648997124
101 , 20200624 , 39.871609343979024 , 116.31120509889288
102 , 20200624 , 39.85598427081562 , 116.36966786549792
103 , 20200625 , 40.003703523539755 , 116.29219393839672
104 , 20200625 , 39.896452026441686 , 116.26245612278579
105 , 20200625 , 39.85252178164528 , 116.28382999559535
106 , 20200625 , 39.8134879488498 , 116.32529692724349
107 , 20200625 , 39.776907982304685 , 116.37357098981735
108 , 20200626 , 40.02069463022053 , 116.5203744918108
109 , 20200626 , 39.81800183653832 , 116.27175094559787
110 , 20200626 , 39.807732990011566 , 116.09059570357205
111 , 20200626 , 39.814254501834505 , 116.29262762144207
112 , 20200627 , 39.670426910828425 , 116.341962187487
113 , 20200627 , 39.80611717142165 , 116.24136463925241
114 , 20200627 , 39.81154737209803 , 116.19521287220871
115 , 20200627 , 39.820458004251115 , 116.33731288835405
116 , 20200627 , 39.80857900343835 , 116.08980299904944
117 , 20200628 , 39.70182159830901 , 116.3035395030271
118 , 20200628 , 39.821225954219706 , 116.34160006418823
119 , 20200629 , 39.868694563795415 , 116.45404315154468
120 , 20200701 , 39.849927395582206 , 116.29052267968656
121 , 20200702 , 39.83946482623743 , 116.35707309904652
122 , 20200705 , 39.8244628745049 , 116.27779111293528
123 , 20200706 , 39.93412538137483 , 116.26744995481873
124 , 20200708 , 39.787695491686456 , 116.38981654308736
125 , 20200710 , 39.84239051118493 , 116.33334514684977
