0 , 20200121 , 30.45365246012807 , 114.88053761422636
1 , 20200121 , 30.440064053982496 , 114.91962695494291
2 , 20200122 , 30.4449819844808 , 114.87206128382378
3 , 20200122 , 30.44685217179358 , 114.87568563222885
4 , 20200124 , 30.45947592146695 , 114.87708928808573
5 , 20200124 , 30.445854961467177 , 114.87381230310902
6 , 20200124 , 30.456589248797002 , 114.88958483516164
7 , 20200124 , 30.438800970109824 , 114.88726449573292
8 , 20200124 , 30.44528954743367 , 114.87743146312626
9 , 20200124 , 30.44563121628016 , 114.87498133443295
10 , 20200124 , 30.46079745826621 , 114.88327936579785
11 , 20200124 , 30.45159495435655 , 114.91147169843315
12 , 20200124 , 30.4589316342026 , 114.88236180817087
13 , 20200124 , 30.459963055747682 , 114.88273779322444
14 , 20200125 , 30.447065751068287 , 114.8691782075912
15 , 20200125 , 30.445855390280485 , 114.87441144883634
16 , 20200125 , 30.46484020538628 , 114.89132635624094
17 , 20200125 , 30.43763036839664 , 114.93443863838912
18 , 20200125 , 30.445860151999764 , 114.87269964867404
19 , 20200126 , 30.45749450661242 , 114.88148909434679
20 , 20200126 , 30.449699832991296 , 114.90870899919952
21 , 20200126 , 30.45335699804127 , 114.87455612048508
22 , 20200126 , 30.46900953166187 , 114.87461814656857
23 , 20200126 , 30.44057516038025 , 114.88454621971438
24 , 20200127 , 30.462177893720003 , 114.89168973639609
25 , 20200127 , 30.444889921838275 , 114.90352867171171
26 , 20200127 , 30.469367941841483 , 114.89145604893564
27 , 20200128 , 30.46094943769276 , 114.9041864834726
28 , 20200128 , 30.47031013481319 , 114.88342424109577
29 , 20200128 , 30.425602002069354 , 114.89713428542021
30 , 20200128 , 30.456430939356647 , 114.91007875951547
31 , 20200129 , 30.45417975674983 , 114.880070392311
32 , 20200129 , 30.445819990709424 , 114.92628989741208
33 , 20200129 , 30.47224466688931 , 114.88653229549529
34 , 20200129 , 30.461553681269287 , 114.8843782491982
35 , 20200129 , 30.43743654154241 , 114.89085918292405
36 , 20200129 , 30.447818499856762 , 114.90009989855542
37 , 20200129 , 30.46224559731781 , 114.8823130555451
38 , 20200129 , 30.44834135100245 , 114.86914364621045
39 , 20200129 , 30.45730615966022 , 114.89544203504921
40 , 20200129 , 30.4507842566818 , 114.90615790709852
41 , 20200129 , 30.460988050326705 , 114.87276962313514
42 , 20200129 , 30.441281879320737 , 114.88865615800025
43 , 20200130 , 30.454124290352826 , 114.91462272663529
44 , 20200130 , 30.44838403012942 , 114.9150885658508
45 , 20200130 , 30.437291068956256 , 114.88520013168457
46 , 20200130 , 30.44809903018177 , 114.86960107460621
47 , 20200130 , 30.456430477626768 , 114.86996863715795
48 , 20200130 , 30.461670093728518 , 114.89009536077316
49 , 20200130 , 30.43904072523583 , 114.88793645007536
50 , 20200131 , 30.453298214491305 , 114.86050056446699
51 , 20200131 , 30.45456505380571 , 114.93244545534252
52 , 20200131 , 30.45392066905541 , 114.90758769214152
53 , 20200131 , 30.444653844460845 , 114.86938512884079
54 , 20200131 , 30.45161540230173 , 114.87627250034102
55 , 20200131 , 30.44817798770964 , 114.86903915181757
56 , 20200131 , 30.441042674705386 , 114.87497289553284
57 , 20200131 , 30.450902242446322 , 114.87703122664244
58 , 20200131 , 30.44196448288858 , 114.9184380657971
59 , 20200131 , 30.457843265030533 , 114.89440819714218
60 , 20200131 , 30.45113822445273 , 114.87048301845788
61 , 20200131 , 30.44589014723897 , 114.8739142343402
62 , 20200131 , 30.42055700160563 , 114.89844259992243
63 , 20200201 , 30.44816661067307 , 114.93688920512794
64 , 20200201 , 30.434922500766373 , 114.87159492398632
65 , 20200201 , 30.44744691811502 , 114.88510189577936
66 , 20200201 , 30.45670506544411 , 114.91165006533264
67 , 20200201 , 30.45082959080381 , 114.91524915876131
68 , 20200201 , 30.45378598384559 , 114.88500600680707
69 , 20200201 , 30.47089596278965 , 114.90736892446877
70 , 20200201 , 30.463519613767254 , 114.88553477952084
71 , 20200201 , 30.463815361380266 , 114.90087806663296
72 , 20200201 , 30.463223695804015 , 114.89204561435862
73 , 20200201 , 30.464705005288124 , 114.90651346743105
74 , 20200201 , 30.460389342088213 , 114.89774222591944
75 , 20200202 , 30.45147714721241 , 114.88744721085912
76 , 20200202 , 30.43637821264565 , 114.8926710225642
77 , 20200202 , 30.448871338739988 , 114.89123789593576
78 , 20200202 , 30.438125068321824 , 114.87560084089635
79 , 20200202 , 30.446581344633387 , 114.86585639607237
80 , 20200202 , 30.42407682572957 , 114.89026964292862
81 , 20200202 , 30.45684997178614 , 114.87731611356142
82 , 20200202 , 30.462393273853444 , 114.90239636295222
83 , 20200202 , 30.456192092970014 , 114.87946623936294
84 , 20200202 , 30.45993490610272 , 114.87258846871555
85 , 20200202 , 30.463663884861894 , 114.88426223735918
86 , 20200202 , 30.450387943536054 , 114.88265910744668
87 , 20200202 , 30.451612621545788 , 114.87914016470312
88 , 20200202 , 30.454833889380087 , 114.87210712954399
89 , 20200202 , 30.46054095057715 , 114.90760064042524
90 , 20200203 , 30.450691049918532 , 114.87730203196405
91 , 20200203 , 30.45324925778677 , 114.87402717137466
92 , 20200203 , 30.46493664402895 , 114.95508468386774
93 , 20200203 , 30.45671047177165 , 114.89737249910831
94 , 20200203 , 30.42556631461157 , 115.03571885900357
95 , 20200203 , 30.44538446702063 , 114.91731606423856
96 , 20200203 , 30.456813191995025 , 114.88474529609086
97 , 20200203 , 30.428752927109603 , 115.03395594656469
98 , 20200203 , 30.43028897373005 , 114.8861908935942
99 , 20200204 , 30.45971319638193 , 114.90209308639172
100 , 20200204 , 30.471410946920514 , 114.88388316705824
101 , 20200204 , 30.45649650845338 , 114.88918719347565
102 , 20200204 , 30.4533362424925 , 114.88487723676256
103 , 20200204 , 30.46361120883375 , 114.87683038227259
104 , 20200204 , 30.443628070593515 , 114.91576948869638
105 , 20200204 , 30.46494335344852 , 114.87174674051164
106 , 20200204 , 30.448513916335425 , 114.88559544802858
107 , 20200204 , 30.4532646735144 , 114.8657722646261
108 , 20200204 , 30.444277542072438 , 114.8759902154486
109 , 20200204 , 30.45628521591425 , 114.87754276022316
110 , 20200205 , 30.461416030302644 , 114.87138004973532
111 , 20200205 , 30.438088681548834 , 114.8708499968052
112 , 20200205 , 30.474464977160093 , 114.92142459377644
113 , 20200206 , 30.44930876232684 , 114.88568190751332
114 , 20200206 , 30.47313939851637 , 114.8956025764346
115 , 20200206 , 30.44908453710377 , 114.87663382664324
116 , 20200206 , 30.441834684088825 , 114.88374670699238
117 , 20200206 , 30.451799120613128 , 114.88730547980978
118 , 20200206 , 30.434349523857236 , 114.87744335085155
119 , 20200206 , 30.447346000000834 , 114.86856607720257
120 , 20200206 , 30.443198340944942 , 114.89492867141963
121 , 20200207 , 30.472079403698444 , 114.88866227678957
122 , 20200207 , 30.45934543678803 , 114.88428057874648
123 , 20200207 , 30.46890995465219 , 115.05703216418623
124 , 20200207 , 30.473644514568143 , 114.9125936161727
125 , 20200207 , 30.45404069210318 , 114.89385890181772
126 , 20200207 , 30.446460990767388 , 114.88447466599092
127 , 20200207 , 30.42417629621923 , 114.8318308107555
128 , 20200207 , 30.4407928523648 , 114.86808511630993
129 , 20200207 , 30.460728737327162 , 114.90676981461095
130 , 20200207 , 30.466950577018515 , 114.89637732771892
131 , 20200208 , 30.45952287875116 , 114.88313226029275
132 , 20200208 , 30.45446766197289 , 114.87820465176512
133 , 20200208 , 30.456881358925447 , 114.88133755659588
134 , 20200208 , 30.46686292625964 , 114.89388713613151
135 , 20200208 , 30.45796779792427 , 114.89580348325785
136 , 20200208 , 30.46454700641334 , 114.8880220670253
137 , 20200208 , 30.454830754548308 , 114.89790478348728
138 , 20200209 , 30.439056297764182 , 114.8890508338809
139 , 20200209 , 30.464557110416607 , 114.90301600403406
140 , 20200209 , 30.42876413092017 , 114.92938935756685
141 , 20200209 , 30.44271481409669 , 114.87254401110113
142 , 20200209 , 30.48717263264253 , 114.88183662185774
143 , 20200209 , 30.44914106838405 , 114.9146501161158
144 , 20200209 , 30.453882950491142 , 114.94262579562408
145 , 20200209 , 30.43766863473599 , 114.87785317397244
146 , 20200209 , 30.453905006870627 , 114.95562454685567
147 , 20200209 , 30.479855085723106 , 114.93338719010352
148 , 20200209 , 30.461369945551272 , 114.876667909557
149 , 20200210 , 30.470800967887048 , 114.88609666004776
150 , 20200210 , 30.480842040851712 , 114.92883721366523
151 , 20200210 , 30.470718557015058 , 114.88573127612473
152 , 20200210 , 30.470635822042823 , 114.8987667672336
153 , 20200210 , 30.42889692820609 , 114.89709606394173
154 , 20200210 , 30.44807304628193 , 114.86887587234379
155 , 20200210 , 30.4502805900252 , 114.91414996033363
156 , 20200210 , 30.44411301612854 , 114.91033846512438
157 , 20200210 , 30.456177745338373 , 114.88157629966736
158 , 20200210 , 30.45989806763828 , 114.88913895562293
159 , 20200211 , 30.49190294241841 , 114.88169318098456
160 , 20200211 , 30.467555547837872 , 114.90005165892276
161 , 20200211 , 30.45211369358003 , 114.87974525615572
162 , 20200211 , 30.44689698144793 , 114.91980062797668
163 , 20200211 , 30.452749578282237 , 114.91623701155186
164 , 20200211 , 30.460470970720053 , 114.97436296194792
165 , 20200211 , 30.446982902403054 , 114.86957852083904
166 , 20200211 , 30.45028970799531 , 114.95991609950104
167 , 20200211 , 30.44997600652277 , 114.93387062475088
168 , 20200211 , 30.448335986584425 , 114.87788641825321
169 , 20200211 , 30.42914975117453 , 114.89723876808675
170 , 20200211 , 30.48294371690013 , 114.90590470656751
171 , 20200212 , 30.464394430808248 , 114.88943726577341
172 , 20200212 , 30.460731444348177 , 114.89285137238251
173 , 20200212 , 30.44746999409708 , 114.87131252337028
174 , 20200212 , 30.45325160957873 , 114.8670586757362
175 , 20200212 , 30.44651904143393 , 114.94514113292101
176 , 20200212 , 30.461569625454448 , 114.88551423383447
177 , 20200212 , 30.436166049912572 , 114.87381884828207
178 , 20200212 , 30.444134865711266 , 114.8870968974724
179 , 20200212 , 30.456858013119348 , 114.87110113528999
180 , 20200213 , 30.453126216307282 , 114.86412899568676
181 , 20200213 , 30.45170157216489 , 114.87053654289672
182 , 20200213 , 30.44479429381105 , 114.94598579433996
183 , 20200213 , 30.4477707042384 , 114.88624324820736
184 , 20200213 , 30.44780197553337 , 114.8781042136252
185 , 20200213 , 30.460249180990186 , 114.87648076191543
186 , 20200214 , 30.45435251668096 , 114.88029755651951
187 , 20200214 , 30.47355545684695 , 114.90093452855943
188 , 20200214 , 30.46679529416211 , 114.88335772034
189 , 20200214 , 30.434655987191945 , 114.87734142690896
190 , 20200214 , 30.49015583284199 , 114.9938053898513
191 , 20200214 , 30.462135709332014 , 114.90813398929804
192 , 20200214 , 30.446868063881997 , 114.8853267654777
193 , 20200214 , 30.460161566734318 , 114.88120386376976
194 , 20200215 , 30.45498833991587 , 114.90610504522921
195 , 20200215 , 30.454957159236073 , 114.91062546148895
196 , 20200215 , 30.441288482397795 , 114.87520638853313
197 , 20200216 , 30.47264794819057 , 114.88702948205172
198 , 20200216 , 30.46009530313313 , 114.88769186660649
199 , 20200216 , 30.446229949593548 , 114.88544052466749
200 , 20200216 , 30.44913361896761 , 114.87952746916565
201 , 20200216 , 30.43710808602295 , 114.88456419669092
202 , 20200216 , 30.45440408303157 , 114.87634996540451
203 , 20200216 , 30.424025294237904 , 114.89330969484787
204 , 20200216 , 30.43597892636221 , 114.87366568281669
205 , 20200216 , 30.46012533864436 , 114.88038134546234
206 , 20200217 , 30.458726125176657 , 114.87331433391027
207 , 20200217 , 30.473738042637702 , 114.89306833595036
208 , 20200217 , 30.46333950944245 , 114.88694021478294
209 , 20200217 , 30.428834147751328 , 114.89284224808216
210 , 20200218 , 30.44010657417987 , 114.88197894234743
211 , 20200218 , 30.45582404360175 , 114.87691998481749
212 , 20200218 , 30.45431745238602 , 114.88312991335987
213 , 20200218 , 30.466638410996108 , 114.88828294777443
214 , 20200218 , 30.429901638999578 , 114.89603133872153
215 , 20200218 , 30.44791446067393 , 114.9475045182875
216 , 20200219 , 30.45361968688667 , 114.87583117559551
217 , 20200219 , 30.45677699957837 , 114.86524917032631
218 , 20200219 , 30.448452123665128 , 114.87906409889786
219 , 20200219 , 30.446557654067874 , 114.9452376924455
220 , 20200219 , 30.437718354431645 , 114.88535977101752
221 , 20200219 , 30.429237445816398 , 114.89705871418116
222 , 20200219 , 30.463518975302573 , 114.88825438544157
223 , 20200219 , 30.47091302706204 , 114.8854814769059
224 , 20200219 , 30.453525157767892 , 114.91953495473257
225 , 20200219 , 30.468367310240865 , 114.88491961732504
226 , 20200219 , 30.45455250317569 , 114.88000989087266
227 , 20200220 , 30.460748514160514 , 114.88936850801107
228 , 20200220 , 30.456838568206877 , 114.8872447013855
229 , 20200220 , 30.426017573018648 , 114.8881470564414
230 , 20200221 , 30.469424972310662 , 114.89076652005316
231 , 20200221 , 30.457843970507394 , 114.90537880919874
232 , 20200221 , 30.456303069368005 , 114.8824310861528
233 , 20200221 , 30.45496273599565 , 114.90446630492805
234 , 20200221 , 30.461520636454225 , 114.88522427156569
235 , 20200221 , 30.46221018111443 , 114.89106892334186
236 , 20200221 , 30.46380011413835 , 114.9086928916605
237 , 20200221 , 30.465201713060107 , 114.88940149207006
238 , 20200221 , 30.460006026551127 , 114.87124091014263
239 , 20200221 , 30.44743131155209 , 114.93882172951295
240 , 20200221 , 30.45026314178748 , 114.92448740505743
241 , 20200221 , 30.459887360859863 , 114.87575623255812
242 , 20200221 , 30.457676228668014 , 114.87903490662576
243 , 20200221 , 30.45623468894539 , 114.85997429607015
244 , 20200221 , 30.45180470310152 , 114.91619701310991
245 , 20200221 , 30.45292779092984 , 114.89302809445742
246 , 20200221 , 30.45853528194129 , 114.88492777571079
247 , 20200222 , 30.44237715032484 , 114.89241946009649
248 , 20200222 , 30.45960537698721 , 114.8823567413755
249 , 20200222 , 30.457793539389968 , 114.88067390397192
250 , 20200222 , 30.44399458969779 , 114.88135234507568
251 , 20200222 , 30.466850018128753 , 114.89525003358723
252 , 20200223 , 30.466296519152824 , 114.86448677256702
253 , 20200225 , 30.431136402434536 , 114.9485104930188
254 , 20200225 , 30.469399014049593 , 114.88402436169632
255 , 20200226 , 30.44647595845163 , 114.86478885635736
256 , 20200226 , 30.46280206181109 , 114.88618316128851
257 , 20200226 , 30.452158770469183 , 114.91657646482479
258 , 20200226 , 30.45407336903736 , 114.91297132801263
259 , 20200226 , 30.448879655450586 , 114.86686712913216
260 , 20200227 , 30.45852678827941 , 114.85982702113688
261 , 20200227 , 30.444572095584586 , 114.87079035141504
262 , 20200227 , 30.47205752693117 , 114.87644841894509
263 , 20200228 , 30.486970362445913 , 114.9187250205985
264 , 20200228 , 30.454596613359808 , 114.89401456731078
265 , 20200228 , 30.442553060129285 , 114.8654560558498
266 , 20200228 , 30.46327027492225 , 114.89920705822962
267 , 20200301 , 30.45584994368255 , 114.88105008378623
268 , 20200304 , 30.47510436214507 , 114.8947699584067
269 , 20200304 , 30.43367394246161 , 114.98979689553379
270 , 20200307 , 30.43402275536209 , 114.9155470635742
