0 , 20200123 , 23.18808322919435 , 113.34563684404681
1 , 20200126 , 23.079725028947 , 113.32684306427835
2 , 20200126 , 23.13172831200063 , 113.27066140249373
3 , 20200126 , 23.08638333342969 , 113.3391414396465
4 , 20200126 , 23.096530633047234 , 113.32775725051759
5 , 20200126 , 23.269555535277014 , 113.31383403500212
6 , 20200126 , 23.173629358144744 , 113.3258927959417
7 , 20200126 , 23.12894564945528 , 113.25288954367943
8 , 20200127 , 23.12596244801735 , 113.29714457086962
9 , 20200127 , 23.152615232393146 , 113.31775104627012
10 , 20200127 , 23.1573570306812 , 113.33624937970724
11 , 20200128 , 23.09411060375472 , 113.30731287101904
12 , 20200128 , 23.094494075921826 , 113.355820979923
13 , 20200128 , 23.151582246646285 , 113.2542749773711
14 , 20200128 , 23.111770592804532 , 113.40909321850631
15 , 20200129 , 23.14431483724288 , 113.42148212715985
16 , 20200129 , 23.13749000430107 , 113.33710355827442
17 , 20200129 , 23.133392913267016 , 113.28758322447538
18 , 20200129 , 23.114679950103163 , 113.3362974397838
19 , 20200129 , 23.08530201204121 , 113.28420599922536
20 , 20200129 , 23.184049280795765 , 113.42688112652729
21 , 20200129 , 23.190524065867066 , 113.32257466390728
22 , 20200130 , 23.162198893725872 , 113.22321986407042
23 , 20200130 , 23.1270261545232 , 113.29777916403616
24 , 20200130 , 23.042956984912358 , 113.31146088118356
25 , 20200130 , 23.09775755229581 , 113.35719891968807
26 , 20200130 , 23.046152802184228 , 113.38671911135314
27 , 20200130 , 23.126922016963363 , 113.2612989284098
28 , 20200130 , 23.155069215419264 , 113.20941196558506
29 , 20200130 , 23.13415214095427 , 113.27785710844655
30 , 20200130 , 23.134150225203484 , 113.31619964540005
31 , 20200131 , 23.15018598921597 , 113.20539901033042
32 , 20200131 , 23.243979685789643 , 113.35730238126648
33 , 20200131 , 23.235193071886894 , 113.28269088640808
34 , 20200201 , 23.10841182433069 , 113.39364883080124
35 , 20200201 , 23.179810401052237 , 113.25623642653223
36 , 20200201 , 23.152607632800933 , 113.31774221733214
37 , 20200201 , 23.26732588000596 , 113.24044452048838
38 , 20200201 , 23.09858462624252 , 113.28318120762705
39 , 20200202 , 23.118328001350164 , 113.40797774121164
40 , 20200202 , 23.22440988299521 , 113.29726837236772
41 , 20200202 , 23.16679699346423 , 113.19642769172786
42 , 20200202 , 23.13152141869068 , 113.25616087764502
43 , 20200202 , 23.09556759947113 , 113.25403945786611
44 , 20200202 , 23.1503424892602 , 113.32090533100045
45 , 20200203 , 23.152833748608828 , 113.35541955860596
46 , 20200203 , 23.122560526446804 , 113.36229752344282
47 , 20200203 , 23.208407083792345 , 113.28592187059778
48 , 20200203 , 23.12597586773336 , 113.27555009163916
49 , 20200203 , 23.17284008452239 , 113.2956532933391
50 , 20200203 , 23.128506439761853 , 113.2369615810995
51 , 20200203 , 23.21834253380075 , 113.20146035403013
52 , 20200203 , 23.19608612917364 , 113.39842560701072
53 , 20200204 , 23.195360926911235 , 113.47632793709637
54 , 20200204 , 23.10009425608999 , 113.25125815003493
55 , 20200204 , 23.211799710989 , 113.22511323541404
56 , 20200204 , 23.193041145265713 , 113.26981454551832
57 , 20200204 , 23.09963382397067 , 113.26506589374998
58 , 20200204 , 23.14373253749968 , 113.24139044793732
59 , 20200204 , 23.085027804066023 , 113.31126690176978
60 , 20200204 , 23.17981335786445 , 113.25030179749079
61 , 20200204 , 23.264813958474804 , 113.32326138145793
62 , 20200204 , 23.083523036912084 , 113.30853799358007
63 , 20200204 , 23.217048486694694 , 113.31455197557808
64 , 20200204 , 23.16165117053863 , 113.27044334810446
65 , 20200204 , 23.17403823696077 , 113.29102062061426
66 , 20200204 , 23.215636247768998 , 113.27314255759121
67 , 20200204 , 23.102720480944427 , 113.24716301634909
68 , 20200205 , 23.055961998179555 , 113.20107093080877
69 , 20200205 , 23.104035006836057 , 113.24254279956223
70 , 20200205 , 23.17977083846927 , 113.31228056922554
71 , 20200206 , 23.115065110847354 , 113.20523861423136
72 , 20200206 , 23.162319883704185 , 113.2520404458046
73 , 20200206 , 23.2440224225418 , 113.34159742496334
74 , 20200206 , 23.10536626368188 , 113.25418254647116
75 , 20200206 , 23.236035956069827 , 113.28150099143387
76 , 20200206 , 23.130078090886983 , 113.24575346761516
77 , 20200207 , 23.12416680157185 , 113.38624024763705
78 , 20200207 , 23.09870802797377 , 113.31138314679264
79 , 20200207 , 23.107286636632953 , 113.26293212954292
80 , 20200207 , 23.108405158431694 , 113.30046753145076
81 , 20200207 , 23.12430917657912 , 113.26459814608096
82 , 20200207 , 23.144181026145816 , 113.28734703361988
83 , 20200207 , 23.235066002234817 , 113.28402092680336
84 , 20200207 , 23.07195802219212 , 113.28551068436356
85 , 20200207 , 23.10988979767973 , 113.25120420851843
86 , 20200207 , 23.206673785516962 , 113.28666125160623
87 , 20200207 , 23.136986922472715 , 113.42174852499737
88 , 20200207 , 23.18535243161023 , 113.24533089995384
89 , 20200208 , 23.211025940254327 , 113.277472872287
90 , 20200209 , 23.28656110680913 , 113.30667684856935
91 , 20200209 , 23.03978031501174 , 113.33377506583929
92 , 20200209 , 23.262660009786487 , 113.26717967167495
93 , 20200209 , 23.09678230248392 , 113.33691053465007
94 , 20200209 , 23.107063868356978 , 113.23881809216213
95 , 20200209 , 23.068245758556515 , 113.30732263793999
96 , 20200209 , 23.2158723540072 , 113.26142331585287
97 , 20200209 , 23.092758691837567 , 113.33665938277184
98 , 20200209 , 23.103562211617827 , 113.26689748093484
99 , 20200209 , 23.14195710234344 , 113.26740004122256
100 , 20200210 , 23.171176207525765 , 113.24742381680099
101 , 20200210 , 23.162536232186287 , 113.3979493964078
102 , 20200210 , 23.12983224727213 , 113.32550001516935
103 , 20200210 , 23.016091967001557 , 113.31844406202437
104 , 20200210 , 23.084383218295198 , 113.22574362666771
105 , 20200210 , 23.15026301890612 , 113.25128749944271
106 , 20200210 , 23.1278916050426 , 113.2800347070125
107 , 20200210 , 23.115630788728595 , 113.39505883678792
108 , 20200210 , 23.091715240851045 , 113.31498702988027
109 , 20200210 , 23.207029961049557 , 113.31275342032316
110 , 20200211 , 23.151284856721762 , 113.25264813378452
111 , 20200211 , 23.172623359513555 , 113.42910252071242
112 , 20200211 , 23.17282447591424 , 113.46048921346664
113 , 20200211 , 23.0702844861662 , 113.35172233404593
114 , 20200211 , 23.15094736777246 , 113.25052335485815
115 , 20200211 , 23.186165207996964 , 113.31592674180864
116 , 20200211 , 23.096028376791267 , 113.4148658529645
117 , 20200211 , 23.172525940462947 , 113.23072006925942
118 , 20200211 , 23.10265272273682 , 113.37077430915086
119 , 20200212 , 23.131352565876806 , 113.42081591848341
120 , 20200212 , 23.17896198481321 , 113.4927702974528
121 , 20200212 , 23.220660025253892 , 113.22346301749347
122 , 20200212 , 23.184731479268518 , 113.25562467332928
123 , 20200212 , 23.29128460027277 , 113.35897995159029
124 , 20200212 , 23.12877437565476 , 113.2820011395961
125 , 20200212 , 23.149953056126837 , 113.32629304379223
126 , 20200212 , 23.15122365593337 , 113.30422066008816
127 , 20200212 , 23.194792619906373 , 113.2745553937275
128 , 20200212 , 23.1821555737406 , 113.26800243929027
129 , 20200212 , 23.103616202250123 , 113.3053028471768
130 , 20200212 , 23.044805517420173 , 113.2569720223546
131 , 20200212 , 23.169927285244203 , 113.39050203893488
132 , 20200212 , 23.120838375762105 , 113.34773434326051
133 , 20200212 , 23.16250805743039 , 113.31525290384887
134 , 20200212 , 23.173350663855672 , 113.4061303921044
135 , 20200212 , 23.15788867883384 , 113.23149735108015
136 , 20200212 , 23.105168533511467 , 113.26303322799505
137 , 20200213 , 23.077660845592607 , 113.23026213794948
138 , 20200213 , 23.25273851535338 , 113.31263479174059
139 , 20200213 , 23.137246765462407 , 113.37768892624548
140 , 20200213 , 23.13601440377533 , 113.32058339193465
141 , 20200213 , 23.137715561315414 , 113.32302007824181
142 , 20200213 , 23.09191873430141 , 113.36991057598163
143 , 20200213 , 23.0397582706064 , 113.33376752212645
144 , 20200214 , 23.155102729797363 , 113.26464867219327
145 , 20200214 , 23.143772492185235 , 113.42473992146549
146 , 20200214 , 23.108508509583768 , 113.3787521235645
147 , 20200214 , 23.18820920037596 , 113.32555841850606
148 , 20200214 , 23.11838060617447 , 113.32987953196552
149 , 20200215 , 23.13960132189095 , 113.25795823708175
150 , 20200215 , 23.087240802124143 , 113.31588590517643
151 , 20200215 , 23.12035210314207 , 113.28108747024088
152 , 20200215 , 23.19314180500805 , 113.44950247928499
153 , 20200216 , 23.1987205733146 , 113.32119655928442
154 , 20200216 , 23.153763050213453 , 113.32037692889573
155 , 20200216 , 23.102477872744203 , 113.30313937738536
156 , 20200217 , 23.092279946431518 , 113.22839291766287
157 , 20200222 , 23.138550063595176 , 113.36703553965143
158 , 20200223 , 23.102306278422475 , 113.43741384521128
159 , 20200226 , 23.13194666057825 , 113.33931198343636
160 , 20200313 , 23.181158965453506 , 113.25444286689164
161 , 20200321 , 23.107607932761308 , 113.2870763652027
162 , 20200321 , 23.184759987132818 , 113.32460077222565
163 , 20200322 , 23.107059593445488 , 113.32497216601458
164 , 20200323 , 23.16896555945277 , 113.24695246294144
165 , 20200324 , 23.17782779596746 , 113.4970965720713
166 , 20200327 , 23.037354005500674 , 113.29134000465271
167 , 20200327 , 23.12347480840981 , 113.29797706380484
168 , 20200404 , 23.16453848965466 , 113.24915396980944
169 , 20200408 , 23.094283394249423 , 113.29326236620544
170 , 20200410 , 23.12976943328977 , 113.2500247657299
171 , 20200410 , 23.206705274533924 , 113.23761134660977
172 , 20200411 , 23.235800927504894 , 113.2812840677798
173 , 20200412 , 23.23590905405581 , 113.28036306425928
174 , 20200413 , 23.13325229236348 , 113.25560472668572
175 , 20200413 , 23.20438995626905 , 113.320187616853
176 , 20200414 , 23.20478257801856 , 113.23906099318829
177 , 20200414 , 23.158544108737264 , 113.23637424968182
178 , 20200415 , 23.13415263779461 , 113.2796102575958
179 , 20200415 , 23.10741950757801 , 113.29936644528057
180 , 20200416 , 23.12950051210221 , 113.31415476128521
181 , 20200416 , 23.16672812751813 , 113.25761301749168
182 , 20200418 , 23.13164723105729 , 113.3150184620172
183 , 20200419 , 23.13197452761233 , 113.37509826757014
184 , 20200423 , 23.042408041656017 , 113.25034093111755
185 , 20200425 , 23.09005012968555 , 113.29793143551795
186 , 20200430 , 23.213279355207792 , 113.36031610584436
187 , 20200531 , 23.23523196391761 , 113.28064704313871
188 , 20200601 , 23.235689951106906 , 113.28152211382984
189 , 20200610 , 23.098532522482603 , 113.2740906953555
190 , 20200613 , 23.234826950356364 , 113.28037010505794
191 , 20200613 , 23.234826950356364 , 113.2803446240723
192 , 20200613 , 23.23805197142065 , 113.28181011602284
193 , 20200613 , 23.234966794028878 , 113.28061271086337
194 , 20200613 , 23.21205851621927 , 113.2830061088316
195 , 20200615 , 23.183818655088547 , 113.41108657419682
