0 , 20200122 , 30.928676957264546 , 113.93363250419495
1 , 20200123 , 30.921325231902298 , 113.91234951093791
2 , 20200123 , 30.93027870543301 , 113.95491556450723
3 , 20200123 , 30.9537152107805 , 113.90788279473782
4 , 20200124 , 30.89527250267565 , 113.95517947152256
5 , 20200125 , 30.923460060730577 , 113.9320500008762
6 , 20200126 , 30.92615414809968 , 113.91485170860376
7 , 20200126 , 30.926821742376145 , 113.94398354501888
8 , 20200126 , 30.938441539183263 , 113.9085591249168
9 , 20200126 , 30.95479739590415 , 113.91703277240906
10 , 20200126 , 30.92190146062743 , 113.91175258137724
11 , 20200126 , 30.93117578801784 , 113.91237456012855
12 , 20200126 , 30.91144393198192 , 113.89938388019802
13 , 20200126 , 30.93191292269953 , 113.92225495672652
14 , 20200127 , 30.92012674547732 , 113.93301660194992
15 , 20200127 , 30.922505560077052 , 113.94092280925676
16 , 20200127 , 30.9306460339576 , 113.92264986410736
17 , 20200127 , 30.942145260050893 , 113.92660433426501
18 , 20200127 , 30.89064728565 , 113.96088222170185
19 , 20200128 , 30.930894063143377 , 113.91281459673212
20 , 20200128 , 30.918438965454698 , 113.90251921489836
21 , 20200128 , 30.92233989946544 , 113.91344665363432
22 , 20200128 , 30.93317819642834 , 113.91921835485846
23 , 20200128 , 30.93326959060505 , 113.91193611547352
24 , 20200128 , 30.919261792940752 , 113.93924058414996
25 , 20200128 , 30.894956654588967 , 113.95197816909506
26 , 20200129 , 30.91878748498857 , 113.95918540656568
27 , 20200129 , 30.92861956218257 , 113.96236535394564
28 , 20200129 , 30.91588654422334 , 113.9066729149116
29 , 20200129 , 30.93083814717829 , 113.89970847095051
30 , 20200129 , 30.940724015235897 , 113.94669125787914
31 , 20200129 , 30.938173988834023 , 113.94597133621572
32 , 20200130 , 30.919650150462985 , 113.93674092805557
33 , 20200130 , 30.91720034368336 , 113.9284902015193
34 , 20200130 , 30.95234700478613 , 113.93421331420542
35 , 20200130 , 30.92803980760529 , 113.93686359432543
36 , 20200131 , 30.93302561435848 , 113.95366018172354
37 , 20200131 , 30.922595439478755 , 113.90790197998285
38 , 20200131 , 30.928829962217804 , 113.91976056147232
39 , 20200131 , 30.95861776015507 , 113.92545795641266
40 , 20200131 , 30.921876053458877 , 113.92648971453308
41 , 20200201 , 31.02303341516982 , 113.9443708591811
42 , 20200201 , 30.92814286239445 , 113.92250837758185
43 , 20200201 , 30.952981433831162 , 113.92319136857986
44 , 20200201 , 30.94605795107782 , 113.90933451389796
45 , 20200201 , 30.9236334823072 , 113.90459038317205
46 , 20200201 , 30.932421991601586 , 113.94858514890076
47 , 20200201 , 30.921192150967933 , 113.91044205216612
48 , 20200202 , 30.91313516534865 , 113.89576568081976
49 , 20200202 , 30.92610360338137 , 113.94954232355721
50 , 20200202 , 30.93276917003095 , 113.90668862499297
51 , 20200202 , 30.928498811481038 , 113.93203686193121
52 , 20200202 , 30.924600586295128 , 113.92584873363377
53 , 20200203 , 30.949929440394047 , 113.92017507925631
54 , 20200203 , 30.894407546147704 , 113.95426908507945
55 , 20200203 , 30.92358541455777 , 113.93526074312187
56 , 20200203 , 30.923132537864145 , 113.9296852145344
57 , 20200204 , 30.908345561474558 , 113.96763352677229
58 , 20200204 , 30.926972654015394 , 113.90764875024672
59 , 20200204 , 30.930961025878787 , 113.90601476654408
60 , 20200204 , 30.91956582851708 , 113.90724157914521
61 , 20200204 , 30.960657686367632 , 113.91500601097941
62 , 20200204 , 30.94462581910193 , 113.91833921894433
63 , 20200204 , 30.914455387775398 , 113.92823411288056
64 , 20200204 , 30.92553600668907 , 113.90805361792448
65 , 20200204 , 30.930896599439308 , 113.89191921329595
66 , 20200204 , 30.957276796248397 , 113.9144615515326
67 , 20200204 , 30.914414040744305 , 113.92820950597523
68 , 20200205 , 30.93049985356629 , 113.9339457638562
69 , 20200205 , 30.92204756208839 , 113.90874449635264
70 , 20200205 , 30.91448969207704 , 113.91289019957183
71 , 20200205 , 30.969029823318124 , 113.94375158473852
72 , 20200205 , 30.922572081908584 , 113.9098580740392
73 , 20200205 , 30.948054903186865 , 113.93085348419842
74 , 20200205 , 30.890696777030826 , 113.955983620137
75 , 20200205 , 30.90904373209923 , 113.96585497073828
76 , 20200205 , 30.927237695445328 , 113.92020579144129
77 , 20200205 , 30.93297610245645 , 113.94157579913737
78 , 20200205 , 30.912096672691412 , 113.94916027318683
79 , 20200206 , 30.908466009423137 , 113.96757787093522
80 , 20200206 , 30.925212669535536 , 113.91680378001185
81 , 20200206 , 30.91913676199814 , 113.9034713494281
82 , 20200206 , 30.931685235692374 , 113.92367822996955
83 , 20200206 , 30.923580278176807 , 113.89847331214695
84 , 20200206 , 30.918281553313136 , 113.93472952768204
85 , 20200206 , 30.93331574908773 , 113.91349699209671
86 , 20200206 , 30.962500308329854 , 113.91869901989895
87 , 20200206 , 30.92607672326267 , 113.91005320474504
88 , 20200206 , 30.925241962540888 , 113.92225231803222
89 , 20200206 , 30.8994171248906 , 113.92039694183741
90 , 20200206 , 30.926588652655482 , 113.9162273146212
91 , 20200206 , 30.924653748516 , 113.920179172419
92 , 20200206 , 30.939480350352827 , 113.90009986236693
93 , 20200207 , 30.898857624270025 , 113.947691177018
94 , 20200207 , 30.890055666677647 , 113.9672052487731
95 , 20200207 , 30.95045900903642 , 113.92140297219156
96 , 20200207 , 30.934836947742628 , 113.90065630897881
97 , 20200207 , 30.92468865059691 , 113.91157888344296
98 , 20200207 , 30.94003209711185 , 113.90948596543495
99 , 20200207 , 30.94265511482429 , 113.931944360563
100 , 20200207 , 30.97366497851908 , 113.88499349355696
101 , 20200207 , 30.91699056061251 , 113.92986625166876
102 , 20200207 , 30.921525126323104 , 113.91426237300041
103 , 20200207 , 30.900688480155967 , 113.96836331973856
104 , 20200207 , 30.926552045751706 , 113.93141658807345
105 , 20200208 , 30.95874800719321 , 113.94932671263815
106 , 20200208 , 30.9118714928627 , 113.90989596024154
107 , 20200208 , 30.94009294174612 , 113.91196997836231
108 , 20200208 , 30.93974015941577 , 113.93265324701763
109 , 20200208 , 30.91973316088757 , 113.9087188156212
110 , 20200208 , 30.929951015369678 , 113.93965407225643
111 , 20200209 , 30.894746778532863 , 113.9547885619104
112 , 20200209 , 30.937483990564946 , 113.9250078611076
113 , 20200209 , 30.941485000242075 , 113.88852324070677
114 , 20200209 , 30.956226931884885 , 113.89958990737793
115 , 20200209 , 30.906141042529093 , 113.95970638781306
116 , 20200209 , 30.932842511683702 , 113.93829938024284
117 , 20200209 , 30.97983649000525 , 113.97989507764578
118 , 20200210 , 30.924446168778967 , 113.91349359500136
119 , 20200210 , 30.92154865153134 , 113.92779735848309
120 , 20200210 , 30.92224686610989 , 113.90641237995249
121 , 20200210 , 30.936858350072395 , 113.93013950606638
122 , 20200210 , 30.91397032887719 , 113.92852306980349
123 , 20200210 , 30.92091296799481 , 113.91009612008928
124 , 20200210 , 30.90673397295177 , 113.96199183538558
125 , 20200210 , 30.92994159885816 , 113.92322501433748
126 , 20200210 , 30.994895372539762 , 113.896302703768
127 , 20200210 , 30.9091982524842 , 113.94068030640484
128 , 20200211 , 30.933568000695423 , 113.94028053128798
129 , 20200212 , 30.91267799958587 , 113.91822891309856
130 , 20200212 , 30.93168312683701 , 113.9063070807606
131 , 20200212 , 30.946368919685483 , 113.92963729798794
132 , 20200212 , 30.9727676589042 , 113.86245630607009
133 , 20200212 , 30.93628308735788 , 113.94135612621905
134 , 20200212 , 30.912456968799233 , 113.90022894367577
135 , 20200212 , 30.916931983083487 , 113.94576648250221
136 , 20200212 , 30.92250502668321 , 113.9043850265443
137 , 20200212 , 30.94011104665697 , 113.89550087973477
138 , 20200212 , 30.940592292552967 , 113.89809020866569
139 , 20200212 , 30.94476182945073 , 113.90671944245695
140 , 20200213 , 30.913881972166045 , 113.96086511601291
141 , 20200213 , 30.92173003591597 , 113.89876110479237
142 , 20200213 , 30.919328271411363 , 113.9214435685426
143 , 20200213 , 30.929415872597623 , 113.93885920686293
144 , 20200213 , 30.923131514074548 , 113.92830443967665
145 , 20200213 , 30.95584566704929 , 113.97553665563463
146 , 20200213 , 30.941654210470205 , 113.9486054951457
147 , 20200213 , 30.944150956347585 , 113.90253346413374
148 , 20200214 , 30.92462781550629 , 113.93705379750048
149 , 20200214 , 30.947793228551745 , 113.91528820618989
150 , 20200214 , 30.924182138829067 , 113.91215855594385
151 , 20200214 , 30.94114267533379 , 113.91468355964336
152 , 20200214 , 30.93100102761177 , 113.93329703471869
153 , 20200214 , 30.918587995693088 , 113.90510888770224
154 , 20200214 , 30.914266142728074 , 113.89791601736631
155 , 20200215 , 30.91306767426431 , 113.90059288591145
156 , 20200215 , 30.91858320559065 , 113.93050267671543
157 , 20200215 , 30.93430127815477 , 113.93171662464735
158 , 20200215 , 30.931425327435136 , 113.87307370081543
159 , 20200215 , 30.90959337539971 , 113.96503480151293
160 , 20200215 , 30.911713368259374 , 113.94595339894295
161 , 20200215 , 30.93347511156217 , 113.91614076044216
162 , 20200216 , 30.927271261082396 , 113.88400551498584
163 , 20200216 , 30.92854238580913 , 113.91383646056057
164 , 20200216 , 30.92794399708509 , 113.90948325395584
165 , 20200216 , 30.931826071813703 , 113.87580596208572
166 , 20200216 , 30.915876785293218 , 113.9090442247689
167 , 20200217 , 30.915321987122297 , 113.94823998212814
168 , 20200218 , 30.943074049428105 , 113.97364301607011
169 , 20200218 , 31.009709769608197 , 113.85112373158337
170 , 20200218 , 30.930177988484502 , 113.90730896964668
171 , 20200219 , 30.94056983910767 , 113.92120372237906
172 , 20200223 , 30.962140217889104 , 113.90102927573021
173 , 20200223 , 30.921377746521358 , 113.9518252214683
174 , 20200223 , 30.935531789436933 , 113.92416095361116
175 , 20200223 , 30.937712648883466 , 113.93474718555807
176 , 20200223 , 30.92004387639463 , 113.91720755025743
177 , 20200224 , 30.925268791615963 , 113.90822905115782
178 , 20200224 , 30.975350545719266 , 113.92526881769301
179 , 20200224 , 30.95446242019534 , 113.92168675238888
180 , 20200224 , 31.002125837416806 , 113.9201131420718
181 , 20200226 , 30.933174015954137 , 113.92148410901429
182 , 20200227 , 30.93544042669237 , 113.90399398282172
183 , 20200302 , 30.921786266512107 , 113.91380896791814
184 , 20200306 , 30.91420208103955 , 113.9429481513798
185 , 20200408 , 30.919222002848983 , 113.91755523160101
