10 , 20200611 , 20200613 , 0.43858041975830536 , 0.43858041975830536 , 5.376528872255149 , 5.376528872255149 , 21 , 21
20 , 20200614 , 20200616 , 1.3551543772719954 , 0.9617659210628303 , 7.095166918291809 , 6.445157568214163 , 32 , 53
30 , 20200617 , 20200619 , 2.7698415749331833 , 0.33821046151652945 , 5.496778780964916 , 6.1276213073920385 , 27 , 80
40 , 20200620 , 20200622 , 5.878389413371466 , 0.9942334039190657 , 15.264383942926344 , 7.566322033805156 , 15 , 95
50 , 20200623 , 20200625 , 1.4797302422815517 , 0.7240449242644935 , 7.03831305089478 , 7.500463731644912 , 13 , 108
60 , 20200626 , 20200628 , 6.980538456925911 , 0.08550792933051805 , 10.46704440969378 , 7.875700881332003 , 11 , 119
70 , 20200629 , 20200701 , 3.1304295310611203 , 0.0858784073888236 , 7.04598341698141 , 7.8800790076950324 , 2 , 121
80 , 20200702 , 20200704 , 0.8154152570062925 , 0.09098217573950308 , 0.0 , 7.822636987975882 , 1 , 122
90 , 20200705 , 20200707 , 7.837225444826411 , 0.046061654350995705 , 6.102203410142446 , 7.848685192578655 , 2 , 124
100 , 20200708 , 20200710 , 2.855822569761734 , 0.0 , 3.8738006396957227 , 7.781824458103514 , 2 , 126
