10 , 20200716 , 20200717 , 2.2471077954384775 , 2.2471077954384775 , 4.323267144003321 , 4.323267144003321 , 9 , 9
20 , 20200718 , 20200719 , 3.343190226236543 , 1.3096941360745153 , 3.3004012997040326 , 4.375767272954003 , 5 , 14
30 , 20200720 , 20200721 , 4.215560475312254 , 0.6569082733391025 , 5.311296140857924 , 5.0057294353159465 , 6 , 20
40 , 20200722 , 20200723 , 1.5969895086438617 , 0.7569688239654251 , 4.527677410934402 , 4.86892054189431 , 9 , 29
50 , 20200724 , 20200725 , 2.271300410592619 , 0.6301999679163741 , 5.374137903569595 , 5.353646840307084 , 21 , 50
60 , 20200726 , 20200727 , 3.0437555387955357 , 0.47213562851471963 , 6.425132970842095 , 5.919978994307742 , 18 , 68
70 , 20200728 , 20200729 , 1.3648309064396977 , 0.31211986167974265 , 6.877837664244232 , 6.151570402535668 , 24 , 92
80 , 20200730 , 20200731 , 0.8262700478944797 , 0.36610472678574046 , 5.972114880445597 , 6.123935194472796 , 17 , 109
90 , 20200801 , 20200802 , 4.755745460434443 , 0.0953107765969951 , 1.6187826299908152 , 5.932402910083021 , 10 , 119
100 , 20200803 , 20200804 , 3.78066080501414 , 0.0 , 4.150550532182222 , 5.935470666950397 , 3 , 122
