10 , 20200119 , 20200122 , 0.23762453166304223 , 0.23762453166304223 , 7.656646844363502 , 7.656646844363502 , 94 , 94
20 , 20200123 , 20200126 , 0.4766271599589882 , 0.4384775383650687 , 8.088899959061072 , 8.032814950470518 , 574 , 668
30 , 20200127 , 20200130 , 0.7676907296222902 , 0.6395960578030062 , 8.717336326055587 , 8.45068351386922 , 1058 , 1726
40 , 20200131 , 20200203 , 0.48234397607061325 , 0.41004470961864087 , 9.343595562396832 , 8.919394539282607 , 1825 , 3551
50 , 20200204 , 20200207 , 0.47993525756675987 , 0.4146334205779026 , 9.259950245172481 , 9.062061175011234 , 2486 , 6037
60 , 20200208 , 20200211 , 0.5062229463353295 , 0.27413096750899363 , 9.652678574351302 , 9.307445269414703 , 4092 , 10129
70 , 20200212 , 20200215 , 0.08733236789259652 , 0.21358658020531082 , 10.291333179153783 , 9.501583087447026 , 2498 , 12627
80 , 20200216 , 20200219 , 2.2992367111357357 , 0.039802181822672145 , 12.055351960085 , 9.76256010604732 , 1416 , 14043
90 , 20200220 , 20200223 , 0.6677212826582545 , 0.06052713468219951 , 11.446504435165805 , 9.847393271665872 , 735 , 14778
100 , 20200224 , 20200227 , 2.042168941400799 , 0.0 , 13.435574606080044 , 9.954902747082835 , 438 , 15216
