0 , 20200122 , 28.00849794682752 , 120.65273928524157
1 , 20200125 , 27.96979204751551 , 120.57674909010531
2 , 20200125 , 28.00710007882203 , 120.64420175685915
3 , 20200126 , 27.98518258379773 , 120.68343880120665
4 , 20200126 , 27.997017533153944 , 120.6706497291832
5 , 20200127 , 27.986183563247323 , 120.64658013358715
6 , 20200127 , 28.07618417511029 , 120.71361397792187
7 , 20200127 , 28.04043749347329 , 120.68992428051737
8 , 20200128 , 27.986359879034644 , 120.6288425879661
9 , 20200128 , 27.97167736105621 , 120.75787654146549
10 , 20200128 , 28.013352265800624 , 120.65935554640257
11 , 20200128 , 27.955061020329595 , 120.68179009482263
12 , 20200128 , 27.98695101030171 , 120.64996186271307
13 , 20200128 , 28.017573519609872 , 120.66579370759428
14 , 20200129 , 27.97016267132546 , 120.68022047568644
15 , 20200129 , 27.965254504233602 , 120.6582822930068
16 , 20200130 , 28.031039671108562 , 120.64440729582441
17 , 20200130 , 27.99516751883809 , 120.66580845929165
18 , 20200131 , 27.972006202744673 , 120.61326696960764
19 , 20200131 , 28.01331497126204 , 120.6540788688204
20 , 20200131 , 28.01176895387471 , 120.6529221497476
21 , 20200131 , 28.041293425485488 , 120.69994626566769
22 , 20200201 , 27.97009857371449 , 120.58201376348734
23 , 20200201 , 27.963110453489683 , 120.59675414196177
24 , 20200202 , 28.019679749273877 , 120.79143492873794
25 , 20200202 , 28.0223343299272 , 120.68768025160982
26 , 20200202 , 27.99311198591393 , 120.60960148520607
27 , 20200203 , 27.97365267439733 , 120.74572232338495
28 , 20200203 , 27.945027044042945 , 120.75974011793731
29 , 20200203 , 28.016510854403556 , 120.64397038032229
30 , 20200204 , 27.954106740653515 , 120.55496871471405
31 , 20200204 , 27.922171941027045 , 120.66805886104704
32 , 20200204 , 27.95131608178573 , 120.67181885508556
33 , 20200205 , 27.99104101024568 , 120.6454169936478
34 , 20200205 , 27.982270011771764 , 120.62674041703156
35 , 20200205 , 27.97862311931115 , 120.66458787378704
36 , 20200205 , 28.00581635835652 , 120.67366380101211
37 , 20200205 , 27.989273875355874 , 120.67404189658626
38 , 20200206 , 28.05512602441013 , 120.61120910570023
39 , 20200206 , 28.000972671434283 , 120.61351834796369
40 , 20200206 , 28.087947042658925 , 120.69197209551928
41 , 20200207 , 28.08182797394693 , 120.59097195044157
42 , 20200207 , 27.98527669161557 , 120.65044531708254
43 , 20200207 , 27.960764653980732 , 120.6825622357428
44 , 20200207 , 27.98831672407687 , 120.55021667853
45 , 20200208 , 27.93737501305129 , 120.6839508057705
46 , 20200208 , 27.941070646047606 , 120.56976707652213
47 , 20200209 , 27.99629411660135 , 120.55053200572728
48 , 20200210 , 28.07239847042813 , 120.68701746228795
49 , 20200210 , 28.037148126534053 , 120.59136556461452
50 , 20200210 , 27.970342068001628 , 120.67298306152223
51 , 20200210 , 28.06703100912273 , 120.57323472574352
52 , 20200210 , 27.97447477271291 , 120.7605120088709
53 , 20200211 , 27.970978366211057 , 120.63780857250092
54 , 20200211 , 27.990991221740842 , 120.6920162960887
55 , 20200211 , 27.989725271239877 , 120.64461083337663
56 , 20200211 , 27.992134722881023 , 120.62703522853552
57 , 20200211 , 28.07147459127009 , 120.68446928635241
58 , 20200211 , 28.009316073730588 , 120.65985599532725
59 , 20200211 , 28.00452900119127 , 120.64794849604368
60 , 20200211 , 27.96242251060903 , 120.75520399957895
61 , 20200212 , 28.022269690409303 , 120.65767602995035
62 , 20200212 , 28.02436150051653 , 120.64539511129259
63 , 20200212 , 28.0054073240608 , 120.68082510307433
64 , 20200212 , 28.00734900869429 , 120.63376614823936
65 , 20200212 , 28.06329573335295 , 120.57561953467402
66 , 20200213 , 28.01236355366807 , 120.65775760139029
67 , 20200213 , 27.99104372076691 , 120.65456163808705
68 , 20200213 , 28.00400802018968 , 120.65731065517122
69 , 20200213 , 28.03800498135388 , 120.57953791692852
70 , 20200213 , 27.987123414579983 , 120.61634006566908
71 , 20200213 , 28.024181614604753 , 120.64603478521911
72 , 20200214 , 27.963013350963593 , 120.7260849326849
73 , 20200214 , 28.043235959485173 , 120.5985833890736
74 , 20200214 , 27.993016131222248 , 120.63845140859483
75 , 20200214 , 28.00335513906916 , 120.67366579889229
76 , 20200214 , 27.99462896771729 , 120.67954609170557
77 , 20200214 , 27.96245853183791 , 120.7251765858382
78 , 20200215 , 28.049201262918743 , 120.64516884519863
79 , 20200215 , 27.946748351678252 , 120.76804490759967
80 , 20200215 , 27.94452753290534 , 120.59602399729192
81 , 20200215 , 27.994957705959678 , 120.64617203548548
82 , 20200215 , 27.963408853419214 , 120.63687108017588
83 , 20200215 , 28.008429891482557 , 120.64201726841759
84 , 20200215 , 27.999259370512195 , 120.65426239211644
85 , 20200216 , 28.02708335034549 , 120.65792688354851
86 , 20200216 , 28.006836300572523 , 120.64544682032783
87 , 20200218 , 28.01473648423647 , 120.60341026406826
88 , 20200218 , 27.935249985062647 , 120.78468528443148
89 , 20200218 , 27.994107437617888 , 120.64745907927036
90 , 20200219 , 28.06774606928229 , 120.5763184279203
91 , 20200219 , 27.98494373448193 , 120.70762958643692
92 , 20200219 , 27.993300568824946 , 120.67100218040932
93 , 20200220 , 28.003664182891182 , 120.65641437265042
94 , 20200321 , 27.95807548798621 , 120.75877908536272
95 , 20200323 , 28.005237917041804 , 120.64613154847322
96 , 20200414 , 28.025036500766873 , 120.64628787338732
97 , 20200420 , 28.006769750157694 , 120.64661124721172
