0.08174568967388186 , -0.2041199826559248
0.3664492513145426 , 0.2872417111783479
0.5194514736664405 , 0.06069784035361165
0.6272484557134872 , -0.9030899869919435
0.7266223030822208 , -0.6989700043360187
0.8019163888997543 , -0.6020599913279624
0.8655366408358183 , -0.9030899869919435
0.9235694203037051 , -1.4471580313422192
0.9725591591411313 , -1.0492180226701815
1.0160544876009945 , -1.2304489213782739
1.0546753183288702 , -1.2041199826559248
1.0908113003182265 , -1.6020599913279623
1.126724801538503 , -1.1856365769619117
1.158846335380636 , -1.6434526764861874
1.1871847310713912 , -1.9822712330395684
1.2138090183124115 , -1.6812412373755872
1.2650817315863174 , -2.0791812460476247
1.2882552436669272 , -2.0791812460476247
1.3093711639309884 , -2.093421685162235
1.3506710881832997 , -1.4345689040341987
1.3689649365597238 , -2.146128035678238
1.404675991079311 , -2.225309281725863
1.5109324396533814 , -2.3010299956639813
1.5370752762538955 , -2.357934847000454
1.7739484441792737 , -2.5658478186735176
