0.08174568967388186 , -0.12493873660829995
0.3664492513145426 , -0.057991946977686754
0.5194514736664405 , -0.1549019599857432
0.6272484557134872 , 0.06694678963061322
0.7266223030822208 , -0.3010299956639812
0.8019163888997543 , -0.5563025007672873
0.8655366408358183 , -0.9030899869919435
0.9235694203037051 , -1.0492180226701815
1.0160544876009945 , -1.3553876579865738
1.0546753183288702 , -1.505149978319906
1.0908113003182265 , -1.6020599913279623
1.126724801538503 , -1.4866665726258927
1.158846335380636 , -1.9444826721501687
1.1871847310713912 , -1.9822712330395684
1.2138090183124115 , -1.6812412373755872
1.2396145753198407 , -2.0644579892269186
1.2650817315863174 , -2.0791812460476247
1.4223902841144587 , -2.24551266781415
1.4383599435381642 , -2.214843848047698
