0.08174568967388186 , 1.7587226985453177
0.3664492513145426 , 1.8040542013505017
0.5194514736664405 , 1.7415455167762095
0.6272484557134872 , 1.6978829086948046
0.7266223030822208 , 1.6723288042224165
0.8019163888997543 , 1.5343082070611194
0.8655366408358183 , 1.4350343502049572
0.9235694203037051 , 1.3229572634448823
0.9725591591411313 , 1.149439064284241
1.0160544876009945 , 0.9942136074627558
1.0546753183288702 , 0.8893017025063102
1.0908113003182265 , 0.7699309201369526
1.126724801538503 , 0.6360952447281326
1.158846335380636 , 0.5920757704213615
1.1871847310713912 , 0.5617968113107072
1.2138090183124115 , 0.41218044778664786
1.2396145753198407 , 0.353843302092827
1.2650817315863174 , 0.07310709833543166
1.2882552436669272 , 0.017728766960431616
1.3093711639309884 , -0.15390243254361652
1.3309501216684958 , -0.20897248545033686
1.3506710881832997 , -0.2946898176329622
1.3689649365597238 , -0.14180666189559546
1.3867690771319503 , -0.19507185367852767
1.404675991079311 , -0.1608512924989444
1.4223902841144587 , -0.23691249605223222
1.4383599435381642 , -0.2463608994937628
1.4531996695616884 , -0.5177391056279266
1.4681976925289546 , -0.5124492170614053
1.4827766929082715 , -0.6114000175821058
1.4972348719312922 , -0.6948140445648611
1.5109324396533814 , -0.5086383061657274
1.524072954942488 , -0.43157260979027967
1.5370752762538955 , -0.6951770153188798
1.5493651461121132 , -0.6948140445648611
1.5612464910404584 , -0.8340090678486446
1.572853154036737 , -0.9599948383284163
1.5846206755302399 , -1.4082399653118496
1.595971856155801 , -1.2483236451479782
1.6064677679941013 , -1.2589686506632698
1.6170480448068862 , -1.5314789170422551
1.62755641720868 , -1.2174839442139063
1.6379400937453743 , -1.5563025007672873
1.6479538970086027 , -1.662757831681574
1.6573790068568202 , -1.480326394594874
1.6666793356259535 , -1.568201724066995
1.6758942056546855 , -1.6872316010647748
1.6850181413933634 , -1.7951845896824241
1.6938831563226178 , -2.0057523288890913
1.7028413603094836 , -1.6812412373755872
1.7115191095834823 , -1.7323937598229686
1.7196823168817008 , -2.0170333392987803
1.727786615549313 , -2.059437187851868
1.7357092599940325 , -1.7323937598229686
1.7438079939258038 , -1.4960065988800362
1.751659904532648 , -0.9133091521736296
1.7592270496160107 , -1.4771212547196624
1.7666347392807968 , -2.0839801289293933
1.7739484441792737 , -1.787696568289874
1.7812744698646619 , -2.116164812300795
1.7884996658779844 , -1.6345892161548823
1.7955727839938624 , -1.9912260756924949
1.8024325297158394 , -2.0
1.8090985723642292 , -2.287801729930226
1.81583686710945 , -1.7903857068006552
1.8224192430281865 , -2.3010299956639813
1.8288389618623282 , -2.3263358609287517
1.835346579903171 , -2.17801718009172
1.8416692973086937 , -2.6190933306267428
1.8477659564731397 , -2.3502480183341627
1.853775957299782 , -2.0293837776852097
1.859900559336181 , -2.380211241711606
1.8659723342321906 , -2.3654879848909
1.871875100767957 , -2.3654879848909
1.8776319278453797 , -2.677606952720493
1.8833716570978134 , -2.380211241711606
1.889070292671432 , -2.3944516808262164
1.9000070887253224 , -2.3944516808262164
