0 , 20200122 , 32.04812272284389 , 112.12054408772775
1 , 20200124 , 32.07619157756066 , 112.14272977965996
2 , 20200126 , 32.05567138692872 , 112.20121558586308
3 , 20200126 , 32.09494904614985 , 112.23683087155224
4 , 20200126 , 32.12411144413054 , 112.15813092961908
5 , 20200126 , 32.0366576872766 , 112.13545812293889
6 , 20200126 , 32.06880903337151 , 112.12648412593724
7 , 20200127 , 32.01454748399556 , 112.18385280109942
8 , 20200127 , 32.01960471694511 , 112.1372056415281
9 , 20200127 , 32.07776698283851 , 112.13000150397421
10 , 20200128 , 32.050629062578075 , 112.09677698090671
11 , 20200128 , 32.063787477090955 , 112.13843353092669
12 , 20200128 , 32.04065904021263 , 112.13068798184393
13 , 20200128 , 32.0398432854563 , 112.13749928399922
14 , 20200128 , 32.042625840380786 , 112.14908110275864
15 , 20200128 , 32.08569592796266 , 112.25021610036491
16 , 20200130 , 32.06439724857254 , 112.19613390575563
17 , 20200130 , 32.06388202495873 , 112.15467514470221
18 , 20200130 , 32.093399454127336 , 112.22856399274485
19 , 20200130 , 32.08254163492132 , 112.15060830624266
20 , 20200130 , 32.08387648500502 , 112.19202486691731
21 , 20200130 , 32.08156494809034 , 112.2436211601614
22 , 20200130 , 32.062412733212106 , 112.14288549497722
23 , 20200131 , 32.03585928106414 , 112.09272944368419
24 , 20200131 , 32.063507018610835 , 112.25414184853436
25 , 20200131 , 32.03789083810989 , 112.16430486179888
26 , 20200131 , 32.06777069287804 , 112.13350885332777
27 , 20200131 , 32.02173046845864 , 112.15063159034906
28 , 20200131 , 32.053012103688985 , 112.1412194266238
29 , 20200131 , 32.09814369119704 , 112.19348087534307
30 , 20200131 , 32.06251247785986 , 112.14408902451395
31 , 20200131 , 32.054414311263315 , 112.14624784051857
32 , 20200131 , 32.0943886321038 , 112.22933486370104
33 , 20200131 , 32.06247811205685 , 112.13090501725674
34 , 20200131 , 32.0643013548106 , 112.15705138072373
35 , 20200131 , 32.08408008532032 , 112.16792613186914
36 , 20200131 , 32.063752044500276 , 112.1268928403512
37 , 20200131 , 32.07457809975105 , 112.14424029790928
38 , 20200131 , 32.013120660558336 , 112.14835071936251
39 , 20200131 , 32.12424389831722 , 112.1542606380369
40 , 20200131 , 32.0618739576017 , 112.17105855911615
41 , 20200131 , 32.04964033327997 , 112.14680498465894
42 , 20200131 , 32.07318702712655 , 112.10913098417221
43 , 20200131 , 32.074793004185736 , 112.1581325474146
44 , 20200131 , 32.025440940633416 , 112.15024983510376
45 , 20200131 , 32.082527300342925 , 112.10459126159547
46 , 20200131 , 32.046748962643186 , 112.14742888414928
47 , 20200131 , 32.032276969403036 , 112.11929110810159
48 , 20200131 , 32.03455125913024 , 112.11899516088042
49 , 20200131 , 32.08419998176396 , 112.13011862710121
50 , 20200131 , 32.018011305732905 , 112.12474742300205
51 , 20200131 , 32.05431548506021 , 112.16613236814736
52 , 20200201 , 32.02352309088793 , 112.23006433957529
53 , 20200201 , 32.136874748393886 , 112.16394836083056
54 , 20200201 , 31.997890966013074 , 112.0414041168988
55 , 20200201 , 32.00176997669041 , 112.04047786071895
56 , 20200201 , 32.02123657800258 , 112.15943103656174
57 , 20200201 , 31.98527620173991 , 112.11190396919848
58 , 20200201 , 32.020690513774746 , 112.14918265119196
59 , 20200201 , 32.01517621614039 , 112.15035260841248
60 , 20200201 , 32.02283422462642 , 112.15918360278008
61 , 20200201 , 32.05900674431839 , 112.15732708742672
62 , 20200201 , 32.0802694503218 , 112.1683794222772
63 , 20200201 , 32.067590033635504 , 112.14488931745292
64 , 20200201 , 32.09440644364804 , 112.20581942237914
65 , 20200201 , 32.05372947268188 , 112.14028200879692
66 , 20200201 , 32.07156717814505 , 112.12084326222539
67 , 20200201 , 32.025745865908796 , 112.08047058278444
68 , 20200201 , 32.006716271862395 , 112.11172761395572
69 , 20200201 , 32.061950517818325 , 112.14566914364694
70 , 20200201 , 32.05958643687311 , 112.13225366065987
71 , 20200201 , 32.02619554765988 , 112.13522013975307
72 , 20200201 , 32.00811514247428 , 112.10041688645587
73 , 20200201 , 32.05746706291709 , 112.15398274119137
74 , 20200202 , 32.04261835031211 , 112.14565837606787
75 , 20200202 , 32.045620111748576 , 112.14022364467381
76 , 20200202 , 32.12393098510802 , 112.18467749655242
77 , 20200202 , 32.05698624611474 , 112.15250121429564
78 , 20200202 , 32.060202034190304 , 112.13815810158847
79 , 20200202 , 32.109372470384606 , 112.19215267122938
80 , 20200202 , 32.05959501676261 , 112.20200305804607
81 , 20200202 , 32.051261148343876 , 112.12187724761093
82 , 20200202 , 32.09336830303073 , 112.15709399431944
83 , 20200202 , 32.090187408495694 , 112.21733049955222
84 , 20200202 , 32.05029546283185 , 112.12489793077108
85 , 20200202 , 32.078802944161 , 112.17500142753124
86 , 20200202 , 32.050298983231194 , 112.14907860383393
87 , 20200202 , 32.046193313119666 , 112.10231212473343
88 , 20200202 , 32.02058501075953 , 112.14902104809882
89 , 20200202 , 32.081222897395484 , 112.16251211240886
90 , 20200202 , 32.06344382788398 , 112.15285653640564
91 , 20200202 , 32.060486662667245 , 112.12371499277651
92 , 20200202 , 32.07132118324248 , 112.13145655078384
93 , 20200202 , 32.06911118301962 , 112.16306734564048
94 , 20200202 , 32.06212911392666 , 112.14727802719507
95 , 20200202 , 32.07463617436588 , 112.13631274178623
96 , 20200202 , 32.0393614300455 , 112.14034639212947
97 , 20200202 , 32.020435127091 , 112.11777156811544
98 , 20200202 , 32.048723185434945 , 112.14683370664714
99 , 20200203 , 32.053069369867444 , 112.13284940645102
100 , 20200203 , 32.051705326884985 , 112.1536393649876
101 , 20200203 , 32.06611919910097 , 112.10843669560057
102 , 20200203 , 32.0896500069648 , 112.10020534694195
103 , 20200203 , 32.057221687327214 , 112.14784771060715
104 , 20200203 , 32.038491060957305 , 112.14601295068859
105 , 20200203 , 32.12319412655067 , 112.2458998489283
106 , 20200203 , 32.006507478654385 , 112.10668439045547
107 , 20200203 , 32.03642415069044 , 112.13961641862987
108 , 20200203 , 32.04682746236877 , 112.1462917088398
109 , 20200203 , 32.06034435890615 , 112.21370140090583
110 , 20200203 , 32.08590139858425 , 112.13535534068943
111 , 20200203 , 32.0821155225858 , 112.13563879206775
112 , 20200203 , 32.069784655049446 , 112.16271529421208
113 , 20200203 , 32.140444780234255 , 112.15941001893951
114 , 20200203 , 32.090730937197804 , 112.15695250779389
115 , 20200204 , 32.036699061517766 , 112.12937851742949
116 , 20200204 , 32.088175965473056 , 112.13437216356395
117 , 20200204 , 32.06075370526658 , 112.16407218661446
118 , 20200204 , 32.01594740152359 , 112.13961124420166
119 , 20200204 , 32.04783861746661 , 112.15347601469645
120 , 20200204 , 32.015218764712856 , 112.13033653931184
121 , 20200204 , 32.08088253624737 , 112.07619940862058
122 , 20200204 , 32.01514606814711 , 112.12606798496937
123 , 20200204 , 32.08772685427807 , 112.13579014335808
124 , 20200204 , 32.07572397775948 , 112.15300597250463
125 , 20200204 , 32.06740242429077 , 112.15268226340416
126 , 20200204 , 32.01355157674036 , 112.12891301478851
127 , 20200204 , 32.05396246165037 , 112.10946701467036
128 , 20200204 , 32.02449523712344 , 112.13950100672596
129 , 20200204 , 32.08038655617697 , 112.27441084486513
130 , 20200204 , 32.02582801692188 , 112.10518288984896
131 , 20200204 , 32.008862589885084 , 112.10021245958548
132 , 20200204 , 32.02197584988816 , 112.13566987376127
133 , 20200204 , 32.078486108221114 , 112.19106107018887
134 , 20200204 , 32.03662248328328 , 112.13834099471569
135 , 20200204 , 32.046382455155246 , 112.1529880352318
136 , 20200204 , 32.06437605433166 , 112.25490594282743
137 , 20200204 , 32.027398785576224 , 112.14515844359993
138 , 20200204 , 32.06699212314561 , 112.16798735316843
139 , 20200205 , 32.0498188957572 , 112.13361885398626
140 , 20200205 , 32.089471304789186 , 112.20343837514521
141 , 20200205 , 32.017215086727745 , 112.06920682875948
142 , 20200205 , 32.06604304930402 , 112.23725736348166
143 , 20200205 , 32.018996896222234 , 112.12740791961552
144 , 20200205 , 32.075196581427015 , 112.12405091151597
145 , 20200205 , 32.00174112804234 , 112.10461070761083
146 , 20200205 , 32.044855942949646 , 112.1245059929788
147 , 20200205 , 32.0281966868788 , 112.1611783839762
148 , 20200205 , 32.056346356635906 , 112.15302386367694
149 , 20200205 , 32.0930095994845 , 112.27484229952096
150 , 20200206 , 32.08178561925888 , 112.16757408902046
151 , 20200206 , 32.003368036821485 , 112.15013215318321
152 , 20200206 , 32.076979712583125 , 112.10256250575186
153 , 20200206 , 32.04393752105534 , 112.11311864107849
154 , 20200206 , 32.01077294535935 , 112.11578613147141
155 , 20200206 , 32.03807940283282 , 112.13846798816866
156 , 20200206 , 32.04485630057752 , 112.1537260003388
157 , 20200206 , 32.034242085862864 , 112.14053028733612
158 , 20200206 , 32.04843658646616 , 112.10920158575104
159 , 20200206 , 32.09210377688018 , 112.23246962548448
160 , 20200206 , 32.01083073589028 , 112.10564694768928
161 , 20200206 , 32.08396932296455 , 112.18354596896096
162 , 20200206 , 32.145406426861875 , 112.18949021771549
163 , 20200206 , 32.013073425740004 , 112.13105631619692
164 , 20200206 , 32.01435696333647 , 112.13415406644346
165 , 20200206 , 32.118241349235184 , 112.16116698458792
166 , 20200206 , 32.06447370350361 , 112.1531199663877
167 , 20200206 , 32.0208206679672 , 112.14981330558659
168 , 20200206 , 32.012344689549586 , 112.13222173248468
169 , 20200206 , 32.02205599285662 , 112.29009015485643
170 , 20200206 , 32.11528085781118 , 112.13353434076105
171 , 20200206 , 32.09337855254238 , 112.2116248665411
172 , 20200206 , 32.01794802211225 , 112.29079792276023
173 , 20200206 , 32.04759900458157 , 112.1228198893368
174 , 20200206 , 32.030535165549196 , 112.13200521271895
175 , 20200206 , 32.04055401496589 , 112.15728419965932
176 , 20200206 , 32.05560334127109 , 112.14401393125836
177 , 20200206 , 32.079082763521 , 112.23848541732876
178 , 20200206 , 32.05757356323302 , 112.1329501837492
179 , 20200207 , 32.02230503596365 , 112.15769081935288
180 , 20200207 , 32.087393885742486 , 112.24816139815235
181 , 20200207 , 32.15024440743677 , 112.13896047712669
182 , 20200207 , 32.05579226277769 , 112.14813261851671
183 , 20200207 , 32.04407970480494 , 112.14331126112631
184 , 20200207 , 32.042278558015816 , 112.12849369179456
185 , 20200207 , 32.06554749246257 , 112.1359961089463
186 , 20200207 , 32.022745991125696 , 112.14580206200479
187 , 20200207 , 32.06358692608774 , 112.1445178054273
188 , 20200207 , 32.05190713517368 , 112.12497736542272
189 , 20200207 , 32.04273098381236 , 112.106864140369
190 , 20200207 , 32.1057173400186 , 112.18447964172807
191 , 20200207 , 32.03748397529125 , 112.12446257472038
192 , 20200207 , 32.03081095358357 , 112.13176392484458
193 , 20200207 , 32.056998436043905 , 112.1566093485893
194 , 20200207 , 32.04943529941809 , 112.1486665661544
195 , 20200207 , 32.084737222641714 , 112.15166270546615
196 , 20200207 , 32.091931187046264 , 112.20468753662249
197 , 20200207 , 32.077771422356875 , 112.16364656735595
198 , 20200207 , 32.12234480213374 , 112.13000985234976
199 , 20200207 , 32.068640697912514 , 112.11183183093235
200 , 20200207 , 32.00450818054378 , 112.16798393055795
201 , 20200207 , 32.05339066560231 , 112.14792226201912
202 , 20200207 , 32.07836691414999 , 112.21352116063564
203 , 20200207 , 32.084655957296484 , 112.24740468231695
204 , 20200207 , 32.07101200707257 , 112.15031789615749
205 , 20200207 , 32.10736677072249 , 112.22700314336392
206 , 20200207 , 32.010244338813685 , 112.14654851785821
207 , 20200207 , 32.062671007588506 , 112.09401844069365
208 , 20200207 , 32.10671729408205 , 112.2334291599691
209 , 20200207 , 32.03932475647889 , 112.14681174606085
210 , 20200207 , 32.09153107367456 , 112.19262504950164
211 , 20200207 , 32.09452098489485 , 112.22921738062391
212 , 20200208 , 32.058764426037676 , 112.14025050401688
213 , 20200208 , 32.06869243271649 , 112.29992525652052
214 , 20200208 , 32.00026867141866 , 112.15559595871879
215 , 20200208 , 32.048304436029866 , 112.14784156763928
216 , 20200208 , 32.051053765991874 , 112.1573324823244
217 , 20200208 , 32.02229634639533 , 112.16328481869664
218 , 20200208 , 32.08773095774999 , 112.16273077426756
219 , 20200208 , 32.086823189165436 , 112.2471825638786
220 , 20200208 , 32.022592387377074 , 112.15458063122172
221 , 20200208 , 32.0559437200427 , 112.11472917348145
222 , 20200208 , 32.10109004164114 , 112.13277404475956
223 , 20200208 , 32.11233484558761 , 112.23831703886393
224 , 20200208 , 32.0229278113693 , 112.16337512086693
225 , 20200208 , 32.04560277052224 , 112.12974528595804
226 , 20200208 , 32.055122177781804 , 112.08745497944099
227 , 20200208 , 32.05002858303487 , 112.13708278723058
228 , 20200208 , 32.06783938687295 , 112.12555328384045
229 , 20200208 , 32.14160936376588 , 112.1567861651155
230 , 20200208 , 32.1178790833801 , 112.24791208282112
231 , 20200208 , 32.049676040187485 , 112.14954810217024
232 , 20200208 , 32.009883960708976 , 112.16149399057028
233 , 20200208 , 32.049910062924035 , 112.14803969487551
234 , 20200208 , 32.08018197678029 , 112.15962985530494
235 , 20200208 , 32.07719671406916 , 112.18361940820304
236 , 20200208 , 32.025528465246055 , 112.22503232531423
237 , 20200208 , 32.086161710321896 , 112.15994568541643
238 , 20200208 , 32.09855980239809 , 112.21550171723894
239 , 20200208 , 32.0737389754504 , 112.12650490924715
240 , 20200208 , 32.020039465768555 , 112.13964859807962
241 , 20200208 , 32.08488261173892 , 112.19294688911944
242 , 20200208 , 32.08947627805173 , 112.02999310567976
243 , 20200209 , 32.09519949741661 , 112.02921766787769
244 , 20200209 , 32.065594950690866 , 112.15670155361296
245 , 20200209 , 32.03464167837341 , 112.0717845699535
246 , 20200209 , 32.07920375073122 , 112.15434164843626
247 , 20200209 , 32.014890555292375 , 112.0524370484054
248 , 20200209 , 32.020832570269704 , 112.1493511274457
249 , 20200209 , 32.07345231168686 , 112.14889245543706
250 , 20200209 , 32.069930071011186 , 112.14311012998225
251 , 20200209 , 32.082511894404895 , 112.247851062566
252 , 20200209 , 32.08762845955789 , 112.11066093295814
253 , 20200209 , 32.04257304780185 , 112.13546717539431
254 , 20200209 , 32.00459147281945 , 112.09741396531463
255 , 20200209 , 32.06222704506286 , 112.11898217012859
256 , 20200209 , 32.06739121286029 , 112.16948515142909
257 , 20200209 , 32.055734228342764 , 112.18074847944081
258 , 20200209 , 32.086216393858194 , 112.1006271075457
259 , 20200209 , 32.00374536615397 , 112.09793600652901
260 , 20200209 , 32.12227170613523 , 112.22327506972047
261 , 20200209 , 32.06815250817713 , 112.1114311235972
262 , 20200209 , 32.04661814171804 , 112.11699171648218
263 , 20200209 , 32.05278632259494 , 112.14655434997141
264 , 20200209 , 32.09552077576518 , 112.16238012537359
265 , 20200209 , 32.01320598833263 , 112.1194143779576
266 , 20200209 , 32.09187612868845 , 112.14500689879057
267 , 20200209 , 32.06850424641743 , 112.15123278088869
268 , 20200209 , 32.047288282299235 , 112.14378822937
269 , 20200209 , 32.09405649320355 , 112.11654646588222
270 , 20200209 , 32.086075261468075 , 112.12790639189603
271 , 20200209 , 32.01235203556716 , 112.14363947734236
272 , 20200209 , 32.05518307629973 , 112.12213508784771
273 , 20200209 , 32.044495646841824 , 112.27211459074171
274 , 20200209 , 32.0373900141567 , 112.12354609742759
275 , 20200209 , 32.079304259172396 , 112.1670193940793
276 , 20200209 , 32.06019111631557 , 112.14040015011707
277 , 20200210 , 32.07103942986578 , 112.17707047238943
278 , 20200210 , 32.09302305243909 , 112.22256386652587
279 , 20200210 , 32.109979977831244 , 112.10315646603705
280 , 20200210 , 32.05422128029168 , 112.1284223489463
281 , 20200210 , 32.09954375401139 , 112.18450717628002
282 , 20200210 , 32.10002332106681 , 112.21564338149794
283 , 20200210 , 32.0051370060537 , 112.1591807110235
284 , 20200210 , 32.06767968030582 , 112.13854536093001
285 , 20200210 , 32.05948532988819 , 112.11434490835435
286 , 20200210 , 32.09362101741135 , 112.08912307396533
287 , 20200210 , 32.06272283301064 , 112.14864637932344
288 , 20200210 , 32.08875506592449 , 112.24636823055334
289 , 20200210 , 32.08388200167139 , 112.12179250435018
290 , 20200210 , 32.07282194456216 , 112.15748844668268
291 , 20200210 , 32.03506968164396 , 112.1446383618299
292 , 20200210 , 32.08858057087206 , 112.16702624199831
293 , 20200210 , 32.09328704603375 , 112.21246642812369
294 , 20200210 , 32.072213497012854 , 112.12954938411713
295 , 20200210 , 32.045448676217354 , 112.15162828098984
296 , 20200210 , 32.02871950620131 , 112.15922483268218
297 , 20200210 , 32.050017359534124 , 112.13319131187905
298 , 20200210 , 32.074019463513714 , 112.14639666435473
299 , 20200210 , 32.04744516348001 , 112.12844576686621
300 , 20200210 , 32.023761407113994 , 112.14625026171025
301 , 20200210 , 32.06906364719954 , 112.15922798901316
302 , 20200210 , 32.13352523549501 , 112.30034756515896
303 , 20200210 , 32.062572292717434 , 112.15535134875348
304 , 20200210 , 32.094727081379716 , 112.11646346109256
305 , 20200210 , 32.08248507231474 , 112.14148560538887
306 , 20200210 , 32.099138628691435 , 112.15037019923331
307 , 20200210 , 32.051028879359365 , 112.12383141741155
308 , 20200210 , 32.009685980156064 , 112.32737889513372
309 , 20200210 , 32.06433632411063 , 112.1257903240621
310 , 20200210 , 32.00303079094738 , 112.15446392074229
311 , 20200210 , 32.08015984855592 , 112.13451297953723
312 , 20200211 , 32.08052597008645 , 112.14378906413911
313 , 20200211 , 32.013798309490085 , 112.1435567177832
314 , 20200211 , 32.07308301397504 , 112.12487918977564
315 , 20200211 , 32.04572506248951 , 112.1415050031448
316 , 20200211 , 32.05945142544806 , 112.0799154229462
317 , 20200211 , 32.03360401578247 , 112.13245964699558
318 , 20200211 , 32.03869608230889 , 112.14246405288576
319 , 20200211 , 32.054493998907304 , 112.21321976617784
320 , 20200211 , 32.112408969551325 , 112.1404679864645
321 , 20200211 , 32.04431298612194 , 112.11096387017857
322 , 20200211 , 32.07764713733923 , 112.16761569259687
323 , 20200211 , 32.05032199754247 , 112.17476944169424
324 , 20200211 , 32.087056897580624 , 112.12797649204731
325 , 20200211 , 32.05684136040509 , 112.14644341170788
326 , 20200211 , 32.02780949883163 , 112.13045625016092
327 , 20200211 , 32.08767532370985 , 112.31153378263114
328 , 20200211 , 32.09969783625142 , 112.20074866813692
329 , 20200211 , 32.014464904852915 , 112.11860975110024
330 , 20200211 , 32.04365056939423 , 112.14300074614584
331 , 20200211 , 32.10685734466558 , 112.21160518215366
332 , 20200211 , 32.054378158328205 , 112.11731192740528
333 , 20200211 , 32.086767323780805 , 112.11930749472229
334 , 20200211 , 32.071014074608684 , 112.13360773399471
335 , 20200211 , 32.027128664776676 , 112.15758645907043
336 , 20200212 , 32.09991683358728 , 112.17963558250479
337 , 20200212 , 32.092552185058594 , 112.17409193515778
338 , 20200212 , 32.00557105243206 , 112.09182646125556
339 , 20200212 , 32.00144791044295 , 112.11231568828224
340 , 20200212 , 32.02075897715986 , 112.14933084324
341 , 20200212 , 32.081704274086015 , 112.1955334262124
342 , 20200212 , 32.00556275434792 , 112.13097028434277
343 , 20200212 , 32.02110785990953 , 112.14219357445835
344 , 20200212 , 32.01849021075759 , 112.09308744000737
345 , 20200212 , 32.073481986299164 , 112.15130606666209
346 , 20200212 , 32.077956950291984 , 112.17334171012043
347 , 20200212 , 32.061607155682786 , 112.1543321508382
348 , 20200212 , 32.08077499642968 , 112.16807194054121
349 , 20200212 , 32.07627342261424 , 112.1295592714323
350 , 20200212 , 32.070571957156055 , 112.13823956126969
351 , 20200212 , 32.04768387516114 , 112.15197050266646
352 , 20200212 , 32.08070472739885 , 112.1263342614957
353 , 20200212 , 32.06014360157916 , 112.10885621464024
354 , 20200212 , 32.020956662350464 , 112.16024128720163
355 , 20200212 , 32.08962949225679 , 112.11642378475521
356 , 20200212 , 32.07648237235844 , 112.12582820467651
357 , 20200213 , 32.06714347506372 , 112.13655349583578
358 , 20200213 , 32.098406708206646 , 112.20073872161184
359 , 20200213 , 32.084061378613114 , 112.10586092993616
360 , 20200213 , 32.09314126122211 , 112.22215842189532
361 , 20200213 , 32.0752980094403 , 112.13679285719992
362 , 20200213 , 32.03774198703468 , 112.12548426166175
363 , 20200213 , 32.08596498705447 , 112.12525667622684
364 , 20200213 , 32.07512204535305 , 112.205348746585
365 , 20200213 , 32.025157967582345 , 112.15062400326131
366 , 20200213 , 32.00021046213806 , 112.11156042292716
367 , 20200213 , 32.075860016047955 , 112.16211643069984
368 , 20200213 , 32.07349454658106 , 112.18557760398836
369 , 20200214 , 31.999520184472203 , 112.13100230321292
370 , 20200214 , 32.01589720024479 , 112.15254422369922
371 , 20200214 , 32.04731947240921 , 112.13355558996015
372 , 20200214 , 32.095593157309025 , 112.23742342638698
373 , 20200214 , 32.065492451989215 , 112.14130244084764
374 , 20200214 , 32.048210682347424 , 112.12524127587677
375 , 20200214 , 32.08457781001925 , 112.12855316698551
376 , 20200214 , 32.09322492219508 , 112.17217953769224
377 , 20200214 , 32.08125821314752 , 112.16430128806014
378 , 20200214 , 32.13476199656725 , 112.0215135253966
379 , 20200214 , 32.09603039494413 , 112.2037244404245
380 , 20200214 , 32.02029294334352 , 112.02193974517284
381 , 20200214 , 32.00585608326516 , 112.10976750639506
382 , 20200214 , 32.1347267087549 , 112.19766341149807
383 , 20200214 , 32.14994307938059 , 112.13677932910576
384 , 20200214 , 32.060261042788625 , 112.14609308168293
385 , 20200214 , 32.100411510580905 , 112.33871498914516
386 , 20200214 , 32.14840027503669 , 112.20115380361679
387 , 20200214 , 32.04706147313118 , 112.15240951627493
388 , 20200214 , 32.03391424845904 , 112.14699572883544
389 , 20200214 , 32.034611272949554 , 112.13480236292207
390 , 20200214 , 32.163516031578176 , 112.134374845773
391 , 20200214 , 32.0068238314576 , 112.15401630451002
392 , 20200214 , 32.02754436599973 , 112.16882833230652
393 , 20200214 , 32.053742083516866 , 112.15257111251528
394 , 20200214 , 32.04146458446209 , 112.13587888291686
395 , 20200214 , 32.05062978368785 , 112.09693756220594
396 , 20200214 , 32.04547487106174 , 112.14920189604165
397 , 20200214 , 32.04165145754814 , 112.14718541130422
398 , 20200214 , 32.05207273346713 , 112.12099865275604
399 , 20200214 , 32.085862839594476 , 112.02372858300804
400 , 20200215 , 31.973857736214995 , 112.19058600547058
401 , 20200215 , 32.03517624339479 , 112.120321366806
402 , 20200215 , 32.046323993376326 , 112.08421143037931
403 , 20200215 , 32.046093818946524 , 112.14600851902595
404 , 20200215 , 32.022964926436536 , 112.15490983799101
405 , 20200215 , 32.065142719075084 , 112.25434485202032
406 , 20200215 , 32.05013722198893 , 112.14721039886463
407 , 20200215 , 32.04291263171895 , 112.1175483326343
408 , 20200215 , 32.064986221820995 , 112.25334171753592
409 , 20200215 , 32.10398113355041 , 112.03810393810272
410 , 20200215 , 32.126978980377324 , 112.03585395589472
411 , 20200215 , 32.01137736439705 , 112.13128076975836
412 , 20200215 , 32.020357556490076 , 112.14507033318482
413 , 20200215 , 32.11041774600744 , 112.06911724060774
414 , 20200215 , 32.019946770742536 , 112.14626809582113
415 , 20200215 , 32.027277918532484 , 112.1485268510878
416 , 20200215 , 32.047337030259065 , 112.16740375995391
417 , 20200215 , 32.05859404988587 , 112.1491209603846
418 , 20200215 , 31.985073096251913 , 112.09771077281664
419 , 20200215 , 32.059285053983324 , 112.13484188541771
420 , 20200215 , 32.01472591076578 , 112.14297393602983
421 , 20200216 , 32.045785563567016 , 112.12454949880936
422 , 20200216 , 32.125592487864196 , 112.10104797966775
423 , 20200216 , 32.09024808369577 , 112.07648935062544
424 , 20200216 , 32.041605157204536 , 112.12573774588795
425 , 20200216 , 32.0590000692755 , 112.15253407135609
426 , 20200216 , 32.05714230425656 , 112.21547635272144
427 , 20200216 , 32.05021548388136 , 112.14115751352767
428 , 20200216 , 32.02948950044811 , 112.16100841015577
429 , 20200216 , 32.06968491753707 , 112.12241194855707
430 , 20200216 , 32.03038900286298 , 112.15719962915917
431 , 20200216 , 32.01851623132825 , 112.04876191914082
432 , 20200216 , 32.014275458999556 , 112.13423867208454
433 , 20200216 , 32.09662807546556 , 112.03025933727623
434 , 20200216 , 32.06518391739916 , 112.13654386895624
435 , 20200216 , 32.004990553250536 , 112.09385180147363
436 , 20200216 , 32.129802193958305 , 112.18823708128186
437 , 20200216 , 32.1658696141094 , 112.12690161541107
438 , 20200216 , 32.129703050238945 , 112.20737969743149
439 , 20200216 , 32.065015928819776 , 112.25273905321957
440 , 20200216 , 32.06187665848502 , 112.13305672422344
441 , 20200216 , 32.07967834174633 , 112.18851443007587
442 , 20200216 , 32.06883662380278 , 112.1667588315904
443 , 20200216 , 32.01305136761882 , 112.15519516940479
444 , 20200216 , 32.057251022471235 , 112.1297672840164
445 , 20200216 , 32.024831676855676 , 112.02026106789707
446 , 20200216 , 32.062703082337976 , 112.10880970582363
447 , 20200217 , 32.03024617826136 , 112.32537592116456
448 , 20200217 , 32.08646899890036 , 112.13056354848729
449 , 20200217 , 32.054805878922345 , 112.14446477964519
450 , 20200217 , 32.0694427240383 , 112.15375803732151
451 , 20200217 , 32.07923750393093 , 112.14315002784132
452 , 20200217 , 32.09729213267565 , 112.22821889445187
453 , 20200217 , 32.032169932499535 , 112.15491889044641
454 , 20200217 , 32.02958007343113 , 112.28317292407156
455 , 20200217 , 32.063046880066395 , 112.14383102953434
456 , 20200217 , 32.10928659327328 , 112.12956450507043
457 , 20200217 , 32.087015993893154 , 112.17084400355816
458 , 20200217 , 32.04360804520548 , 112.15385606512429
459 , 20200217 , 32.0705267404352 , 112.12106448272804
460 , 20200217 , 32.03030529431999 , 112.15038327500223
461 , 20200217 , 32.02030388172716 , 112.15481554158032
462 , 20200217 , 32.02718349639326 , 112.16106751933692
463 , 20200217 , 32.01034504920244 , 112.14383265003565
464 , 20200217 , 32.08957700058818 , 112.16147337108852
465 , 20200217 , 32.0644055865705 , 112.15811306610705
466 , 20200217 , 32.06907557190529 , 112.18378851190208
467 , 20200217 , 32.06841714896205 , 112.15580091907327
468 , 20200217 , 32.05239253141598 , 112.15613904110576
469 , 20200217 , 32.020281369611624 , 112.15719959959387
470 , 20200218 , 32.1034361498261 , 112.19088757241316
471 , 20200218 , 32.09405058994889 , 112.1932889171876
472 , 20200218 , 32.104471561991986 , 112.25416053196086
473 , 20200218 , 32.061732607665206 , 112.14348388695214
474 , 20200218 , 32.05366757581942 , 112.14711369583817
475 , 20200218 , 32.053419293370105 , 112.1349406661466
476 , 20200218 , 32.08041734993458 , 112.15730374678972
477 , 20200218 , 32.093070996925235 , 112.01560998335479
478 , 20200218 , 32.065004026517265 , 112.25351689383386
479 , 20200218 , 32.06465034045391 , 112.1496669638594
480 , 20200218 , 32.01308903284371 , 112.13995484635237
481 , 20200218 , 32.025839500129216 , 112.15492978692056
482 , 20200218 , 32.047111922426865 , 112.140620029025
483 , 20200218 , 32.07772582769394 , 112.1742919832468
484 , 20200218 , 32.05836787680164 , 112.147283508908
485 , 20200218 , 32.00642601923407 , 112.09322159452472
486 , 20200218 , 32.12244976788941 , 112.1869049280337
487 , 20200218 , 32.07628346979618 , 112.35974578186872
488 , 20200218 , 32.13551138866354 , 112.12651083499873
489 , 20200218 , 32.06283522135545 , 112.1503065386787
490 , 20200218 , 32.063419371021574 , 112.13026217130177
491 , 20200218 , 32.11924474686384 , 112.02698397450148
492 , 20200218 , 32.001171581678314 , 112.16401941384501
493 , 20200219 , 32.025125990621746 , 112.25183957256377
494 , 20200219 , 32.08057951796403 , 112.12992434053028
495 , 20200219 , 32.010917707812034 , 112.13555277558045
496 , 20200219 , 32.061053328216076 , 112.25868366658688
497 , 20200219 , 32.00197722000832 , 112.15735546397892
498 , 20200219 , 32.10070515051484 , 112.28822581470013
499 , 20200219 , 32.0604555639015 , 112.11606227708134
500 , 20200219 , 32.04822328872979 , 112.14408100582659
501 , 20200219 , 32.019582583762514 , 112.12792644192551
502 , 20200219 , 32.00656325475353 , 112.1183753669586
503 , 20200219 , 32.033944096416235 , 112.18059235811234
504 , 20200219 , 32.054951374985926 , 112.06962115690115
505 , 20200219 , 32.059251154214145 , 112.18575284779072
506 , 20200219 , 32.0865408796817 , 112.26183218881485
507 , 20200219 , 32.121679522097104 , 112.1870199032128
508 , 20200219 , 32.09204350970685 , 112.19468844309448
509 , 20200219 , 31.96845506317913 , 112.18741902240343
510 , 20200219 , 32.02224073264944 , 112.20810167609078
511 , 20200219 , 32.08380214541273 , 112.16667417436838
512 , 20200219 , 32.08676433868029 , 112.17364871027794
513 , 20200219 , 32.00402169954032 , 112.09166896529496
514 , 20200219 , 32.051303260959685 , 112.14505380950868
515 , 20200219 , 32.065633830661284 , 112.06389846280216
516 , 20200220 , 32.108416084369466 , 112.1888488263569
517 , 20200220 , 32.05316629894078 , 112.14380609616636
518 , 20200220 , 32.03234866295144 , 112.02793801382902
519 , 20200220 , 32.0036728028208 , 112.27680203420195
520 , 20200220 , 32.012316020205624 , 112.11344516649841
521 , 20200220 , 32.02716400846839 , 112.1616815775633
522 , 20200220 , 32.06713085062801 , 112.09436869248749
523 , 20200220 , 32.081558184429284 , 112.329566966304
524 , 20200220 , 32.04283980369244 , 112.137760658465
525 , 20200220 , 32.014087345451124 , 112.08621839992702
526 , 20200220 , 31.96049121501819 , 112.21488153415285
527 , 20200220 , 32.13041592082316 , 112.19042573942914
528 , 20200220 , 32.098822424188256 , 112.19830704107879
529 , 20200220 , 32.075695742387325 , 112.13527458254248
530 , 20200220 , 32.07621121779084 , 112.25356862694024
531 , 20200221 , 32.056785402819514 , 112.14961488917471
532 , 20200221 , 32.03534635948017 , 112.14249741286041
533 , 20200221 , 32.092034021392465 , 112.20387658104299
534 , 20200221 , 32.10001173352041 , 112.22752690943476
535 , 20200221 , 32.08544735738542 , 112.20809196063783
536 , 20200221 , 32.1042084398315 , 112.1499166289425
537 , 20200221 , 32.059959853067994 , 112.1547058224678
538 , 20200222 , 32.00482856058939 , 112.09901376034723
539 , 20200222 , 32.11521464399993 , 112.176480833441
540 , 20200222 , 32.019171668216586 , 112.1351104788482
541 , 20200222 , 32.05415114449958 , 112.14975038543345
542 , 20200222 , 32.05825005657971 , 112.14410657063124
543 , 20200222 , 32.0957126095891 , 112.23677812144159
544 , 20200222 , 32.02926547732204 , 112.13158945553005
545 , 20200222 , 32.0537115264684 , 112.17092930898069
546 , 20200222 , 32.05343841308994 , 112.15663430680122
547 , 20200222 , 31.99091780186389 , 112.11871161355631
548 , 20200222 , 31.96387535892427 , 112.19324307516216
549 , 20200222 , 32.096003806587355 , 112.0429820989692
550 , 20200222 , 32.04546073076758 , 112.13802275254405
551 , 20200223 , 32.01086007933924 , 112.1287060163467
552 , 20200223 , 32.049687774851925 , 112.14118832722305
553 , 20200223 , 32.08642709068954 , 112.27915080264208
554 , 20200223 , 32.102587977424264 , 112.26210700348021
555 , 20200223 , 32.010222205651864 , 112.15860763624792
556 , 20200223 , 32.07701395265758 , 112.12712320632168
557 , 20200224 , 32.07715610973537 , 112.24343078210951
558 , 20200224 , 32.04242535866797 , 112.12650792673227
559 , 20200224 , 32.0450542047019 , 112.14325656994215
560 , 20200224 , 32.0481483777985 , 112.13955747894943
561 , 20200225 , 32.073250522837036 , 112.15116306021808
562 , 20200225 , 32.135621608634075 , 112.15951728874019
563 , 20200225 , 32.020852016285055 , 112.14827556163073
564 , 20200225 , 32.094581156799734 , 112.10984357548031
565 , 20200225 , 32.0611170027405 , 112.05692505463959
566 , 20200226 , 32.0445009727031 , 112.11333874985573
567 , 20200226 , 32.03868670169845 , 112.1429958230035
568 , 20200226 , 32.05085446807341 , 112.12586265558808
569 , 20200227 , 32.067395467311144 , 112.10203863680364
570 , 20200228 , 32.10840929299593 , 112.18841440044343
