0 , 20200123 , 31.70035858266056 , 113.37842395529154
1 , 20200123 , 31.719938764844326 , 113.38359968226042
2 , 20200123 , 31.69314050736527 , 113.3941259297232
3 , 20200125 , 31.739007387818265 , 113.37165958671407
4 , 20200126 , 31.725494525778817 , 113.39553871027687
5 , 20200126 , 31.716263550757013 , 113.367684353143
6 , 20200126 , 31.708305044445076 , 113.3824996140767
7 , 20200126 , 31.653272034600377 , 113.35794193670156
8 , 20200127 , 31.679631228159586 , 113.37351915293506
9 , 20200127 , 31.7070995387916 , 113.38400622641173
10 , 20200128 , 31.71283501200378 , 113.36906505748631
11 , 20200128 , 31.72296291961016 , 113.35890937034016
12 , 20200129 , 31.714981952682137 , 113.33160297945145
13 , 20200129 , 31.69008159823716 , 113.38313344493507
14 , 20200129 , 31.69783711619675 , 113.42408867552878
15 , 20200129 , 31.718218016903855 , 113.33988840691744
16 , 20200130 , 31.71004145304956 , 113.37074014803636
17 , 20200130 , 31.70658315139284 , 113.38441773015377
18 , 20200130 , 31.716293907264557 , 113.36612943913552
19 , 20200130 , 31.72105182760529 , 113.36921158512787
20 , 20200130 , 31.709096482841343 , 113.40396574857395
21 , 20200130 , 31.68813826117132 , 113.37122021242979
22 , 20200130 , 31.722516438669786 , 113.36303411390293
23 , 20200130 , 31.69926449155005 , 113.41737966268109
24 , 20200130 , 31.693393355235447 , 113.3919130079448
25 , 20200130 , 31.708955029025674 , 113.40991845354436
26 , 20200130 , 31.695218430832032 , 113.40605104342104
27 , 20200130 , 31.72930514750381 , 113.36483114088577
28 , 20200131 , 31.718256967142224 , 113.36850238963964
29 , 20200131 , 31.72110996209085 , 113.35211483761671
30 , 20200131 , 31.70728099532425 , 113.41012900695203
31 , 20200131 , 31.709668343437126 , 113.36420805097141
32 , 20200131 , 31.677540997043252 , 113.37150979521023
33 , 20200131 , 31.713670017197728 , 113.38009069673716
34 , 20200201 , 31.70811863409148 , 113.36918227374555
35 , 20200201 , 31.70985389624285 , 113.37169277807136
36 , 20200201 , 31.70694528954236 , 113.3735882320742
37 , 20200201 , 31.708001336082816 , 113.38072640821336
38 , 20200201 , 31.723118445047444 , 113.36730556844658
39 , 20200201 , 31.72572807984596 , 113.37120135406201
40 , 20200201 , 31.698255026713014 , 113.37763706222178
41 , 20200201 , 31.737425778061148 , 113.36704039201142
42 , 20200201 , 31.702853003516804 , 113.39267486706377
43 , 20200201 , 31.733657146493588 , 113.29381549730896
44 , 20200201 , 31.720004755770788 , 113.37017348036171
45 , 20200201 , 31.696677404620193 , 113.40795700931372
46 , 20200201 , 31.69909415513277 , 113.3734873482585
47 , 20200202 , 31.651027025654912 , 113.22880899533631
48 , 20200202 , 31.710122292861342 , 113.37028143927456
49 , 20200202 , 31.697482509397954 , 113.38355195937012
50 , 20200202 , 31.72180111370981 , 113.36163596883415
51 , 20200202 , 31.693720985608905 , 113.41048998272294
52 , 20200202 , 31.727092126384374 , 113.36081055924295
53 , 20200202 , 31.72451410442591 , 113.365425337106
54 , 20200202 , 31.73549129627645 , 113.36526839062573
55 , 20200202 , 31.80214423542985 , 113.35911554499313
56 , 20200203 , 31.709942081943154 , 113.37867004796864
57 , 20200203 , 31.70478177481684 , 113.38138364576574
58 , 20200203 , 31.711276061832905 , 113.37192345410584
59 , 20200203 , 31.714797550812364 , 113.3680754713714
60 , 20200203 , 31.728584994920173 , 113.3595845962946
61 , 20200203 , 31.70818566530943 , 113.39172644913195
62 , 20200203 , 31.680137249641124 , 113.439765740186
63 , 20200203 , 31.694654448490056 , 113.37245374119708
64 , 20200203 , 31.71796808950603 , 113.37423535063864
65 , 20200203 , 31.728874990716577 , 113.36373986676337
66 , 20200203 , 31.70706738252193 , 113.38854690548031
67 , 20200203 , 31.699872985482216 , 113.38739375225626
68 , 20200203 , 31.729641314595927 , 113.364970497787
69 , 20200203 , 31.7778976354748 , 113.35321364924313
70 , 20200203 , 31.69967015539961 , 113.38599884882572
71 , 20200203 , 31.72652790238234 , 113.3582108281553
72 , 20200203 , 31.718375276531216 , 113.35815619563928
73 , 20200203 , 31.735356590421553 , 113.3731809419034
74 , 20200203 , 31.704685036093 , 113.4011529944837
75 , 20200203 , 31.71341101638973 , 113.35698002949356
76 , 20200203 , 31.73264882527292 , 113.3923931077123
77 , 20200204 , 31.71287172473967 , 113.35108126513659
78 , 20200204 , 31.704850075766444 , 113.40124988928436
79 , 20200204 , 31.70595900155604 , 113.4009179659188
80 , 20200204 , 31.713817797770556 , 113.37606120346622
81 , 20200204 , 31.718978863209486 , 113.3766510151327
82 , 20200204 , 31.706686047837138 , 113.40278713032605
83 , 20200204 , 31.709274468286072 , 113.37119922808864
84 , 20200204 , 31.704759339458853 , 113.38150752512249
85 , 20200204 , 31.70439158566296 , 113.401395957917
86 , 20200204 , 31.716699480841108 , 113.3689679493281
87 , 20200204 , 31.70086397789419 , 113.37909115478395
88 , 20200204 , 31.717540444806207 , 113.36967794224618
89 , 20200204 , 31.71950407326221 , 113.3694060333073
90 , 20200204 , 31.70030607841909 , 113.37834315374495
91 , 20200205 , 31.686146697029468 , 113.47071005031464
92 , 20200205 , 31.736009526268944 , 113.36777640911549
93 , 20200205 , 31.714721289463334 , 113.38096177205445
94 , 20200205 , 31.65246769040823 , 113.22249095141888
95 , 20200205 , 31.724371206946678 , 113.36480641737579
96 , 20200205 , 31.723886283114552 , 113.36180818453433
97 , 20200205 , 31.73292421735823 , 113.35872408002615
98 , 20200205 , 31.70838078483939 , 113.37578910402952
99 , 20200205 , 31.72893877571019 , 113.36181587181412
100 , 20200205 , 31.69032105472259 , 113.45630231427192
101 , 20200205 , 31.71161895183225 , 113.35531668985884
102 , 20200205 , 31.690840059891343 , 113.4643488563597
103 , 20200205 , 31.720565976575017 , 113.35936887189743
104 , 20200206 , 31.71489571785517 , 113.37230167194387
105 , 20200206 , 31.715755949595145 , 113.37056034111549
106 , 20200206 , 31.71364202164113 , 113.35925789549948
107 , 20200206 , 31.6939616817981 , 113.42796821147205
108 , 20200206 , 31.75367197953165 , 113.34631489589808
109 , 20200206 , 31.74149592407048 , 113.34893608465792
110 , 20200206 , 31.69023023452609 , 113.47267728298904
111 , 20200206 , 31.702683902430266 , 113.38657286441462
112 , 20200207 , 31.652561961673197 , 113.21813053451478
113 , 20200207 , 31.705597224246176 , 113.36699577474168
114 , 20200207 , 31.72867898829281 , 113.36434504017237
115 , 20200207 , 31.71146642214255 , 113.36932792854698
116 , 20200207 , 31.69472792185843 , 113.39154096320273
117 , 20200207 , 31.71385401233909 , 113.36814119587423
118 , 20200207 , 31.69222810305655 , 113.37984963320196
119 , 20200207 , 31.7355699185282 , 113.36571430787443
120 , 20200208 , 31.709505507722497 , 113.36948860064147
121 , 20200208 , 31.711277486756444 , 113.36614816476192
122 , 20200208 , 31.680483366362747 , 113.37732035899536
123 , 20200208 , 31.695307832211256 , 113.41262023150921
124 , 20200208 , 31.731532922546787 , 113.25444711372255
125 , 20200208 , 31.72438393346965 , 113.36714359000324
126 , 20200208 , 31.72111569531262 , 113.38498886302116
127 , 20200208 , 31.73434443638793 , 113.3611394172268
128 , 20200209 , 31.754129296168685 , 113.36570827290414
129 , 20200209 , 31.70984155498445 , 113.4129674322903
130 , 20200209 , 31.6961835231632 , 113.38868441060184
131 , 20200209 , 31.70916407369077 , 113.37325802072884
132 , 20200209 , 31.706902971491214 , 113.36898392066358
133 , 20200209 , 31.72408594686728 , 113.35995007022206
134 , 20200209 , 31.712295971810818 , 113.36706245318057
135 , 20200209 , 31.702246586792175 , 113.38244430410366
136 , 20200209 , 31.68586422689259 , 113.4714610017836
137 , 20200209 , 31.706348356480397 , 113.40810413782795
138 , 20200209 , 31.73400044906884 , 113.35895618889481
139 , 20200209 , 31.69106499664485 , 113.4647703487426
140 , 20200209 , 31.71159101184457 , 113.37412462569773
141 , 20200210 , 31.72681201715023 , 113.37503244169056
142 , 20200210 , 31.70308193005621 , 113.36993114277719
143 , 20200210 , 31.724496586248282 , 113.36814841255544
144 , 20200210 , 31.707857439760122 , 113.3712156442925
145 , 20200210 , 31.701528847429767 , 113.38736449639444
146 , 20200210 , 31.713940752670172 , 113.3894235709388
147 , 20200210 , 31.698936561209173 , 113.43448590530559
148 , 20200210 , 31.701313097029924 , 113.44048554450274
149 , 20200210 , 31.728442136663947 , 113.3650820609182
150 , 20200210 , 31.695591123774648 , 113.4236206524074
151 , 20200210 , 31.707693073632463 , 113.37324561551216
152 , 20200210 , 31.727238474413753 , 113.3632332645357
153 , 20200210 , 31.72020735523177 , 113.38022314955343
154 , 20200210 , 31.718650879338387 , 113.37296123430131
155 , 20200210 , 31.715611812791646 , 113.36682368868163
156 , 20200210 , 31.719794024987248 , 113.39337987912927
157 , 20200210 , 31.74418098293245 , 113.3627779595554
158 , 20200210 , 31.71627435833216 , 113.37155151763001
159 , 20200210 , 31.71662205446731 , 113.36456638158243
160 , 20200211 , 31.696807357335558 , 113.38993052608872
161 , 20200211 , 31.715827016159892 , 113.35275487974285
162 , 20200211 , 31.706030499190092 , 113.3785780146718
163 , 20200211 , 31.708439154317603 , 113.36824819911273
164 , 20200211 , 31.758107649563946 , 113.39681917310743
165 , 20200211 , 31.721258288249373 , 113.38554709777235
166 , 20200211 , 31.71703078318388 , 113.36997712031008
167 , 20200211 , 31.70458317202117 , 113.38792917717777
168 , 20200211 , 31.690724488569927 , 113.3704982255372
169 , 20200211 , 31.73860740289092 , 113.36364924162626
170 , 20200211 , 31.70084402896464 , 113.3822380565107
171 , 20200211 , 31.72619330644045 , 113.36569066774452
172 , 20200211 , 31.68327418528497 , 113.47865562513469
173 , 20200211 , 31.72781159542501 , 113.36480255797504
174 , 20200212 , 31.72122100751628 , 113.39037082979785
175 , 20200212 , 31.73008161768013 , 113.3607901108204
176 , 20200212 , 31.75474897027016 , 113.35688749328254
177 , 20200212 , 31.72741902060807 , 113.36701786145572
178 , 20200212 , 31.74673645757139 , 113.38139691576364
179 , 20200212 , 31.72253404743969 , 113.37552616372706
180 , 20200212 , 31.69098024722189 , 113.39762111194432
181 , 20200212 , 31.725909523665905 , 113.36654210463163
182 , 20200212 , 31.706870707842068 , 113.36929749321592
183 , 20200212 , 31.71510150656104 , 113.3760995976627
184 , 20200212 , 31.711089254915713 , 113.36194397360086
185 , 20200212 , 31.708687023206984 , 113.36792140531372
186 , 20200212 , 31.718472009524703 , 113.36761800572279
187 , 20200212 , 31.726512936875228 , 113.38152190670372
188 , 20200212 , 31.693386241793643 , 113.46403043344615
189 , 20200212 , 31.73043109561232 , 113.36049144748935
190 , 20200212 , 31.756916404701773 , 113.36941039189695
191 , 20200212 , 31.72814337350428 , 113.36246324703095
192 , 20200212 , 31.756360204628027 , 113.35628721836795
193 , 20200212 , 31.71336942818016 , 113.37907877750696
194 , 20200212 , 31.71537229791284 , 113.35253471762621
195 , 20200212 , 31.72223699279129 , 113.37013688736728
196 , 20200212 , 31.754070085452188 , 113.36570193447088
197 , 20200212 , 31.72639005817473 , 113.36576392874123
198 , 20200212 , 31.724958657100807 , 113.36546196565031
199 , 20200212 , 31.726013543084264 , 113.39552169665691
200 , 20200212 , 31.708480948582288 , 113.37123697623608
201 , 20200212 , 31.720789850761108 , 113.36730459131874
202 , 20200212 , 31.71190268798348 , 113.36991657502949
203 , 20200213 , 31.71192004345357 , 113.36036674017387
204 , 20200213 , 31.70683105476201 , 113.38462287560104
205 , 20200213 , 31.707326223087662 , 113.38708041016672
206 , 20200213 , 31.712334235198803 , 113.36604916490614
207 , 20200213 , 31.715346174314607 , 113.37073157541454
208 , 20200213 , 31.71648890861985 , 113.3416482868963
209 , 20200213 , 31.692028965801 , 113.45441261306404
210 , 20200213 , 31.805572053417567 , 113.45464495941995
211 , 20200213 , 31.69863377697766 , 113.40870106592772
212 , 20200213 , 31.726569238929983 , 113.39605887750945
213 , 20200213 , 31.771683683618907 , 113.38947264477608
214 , 20200213 , 31.722757899244584 , 113.36318909549674
215 , 20200213 , 31.71904991448195 , 113.38541067755186
216 , 20200213 , 31.72340766526759 , 113.37117483839391
217 , 20200213 , 31.709129037335515 , 113.36085023358463
218 , 20200214 , 31.72703081681844 , 113.4243305952799
219 , 20200214 , 31.714146668091416 , 113.36879739537837
220 , 20200214 , 31.73872210542587 , 113.37319717115976
221 , 20200214 , 31.72526051290333 , 113.35224861279129
222 , 20200214 , 31.708259051665664 , 113.37500849738716
223 , 20200214 , 31.71225498430431 , 113.37643107399342
224 , 20200214 , 31.721047700072326 , 113.38514893626171
225 , 20200214 , 31.73177628791821 , 113.36342639359295
226 , 20200214 , 31.71126417629421 , 113.35033955052496
227 , 20200215 , 31.709990134582892 , 113.39489987120031
228 , 20200215 , 31.726181914564233 , 113.34698934573682
229 , 20200215 , 31.71425205655396 , 113.39371531711599
230 , 20200215 , 31.644597550069808 , 113.46317830152418
231 , 20200215 , 31.69193205423653 , 113.4648420475423
232 , 20200216 , 31.685507660731677 , 113.46025063257132
233 , 20200216 , 31.722353985533122 , 113.36765127256511
234 , 20200216 , 31.66352231986821 , 113.4594082646072
235 , 20200216 , 31.719614462926987 , 113.368176324293
236 , 20200216 , 31.734079341217875 , 113.36088845059277
237 , 20200217 , 31.688299018889666 , 113.46716535016894
238 , 20200217 , 31.69186920980157 , 113.43489037099232
239 , 20200218 , 31.71732212416828 , 113.37640562653542
240 , 20200218 , 31.65336116416646 , 113.27415517531335
241 , 20200219 , 31.71324728988111 , 113.36524872109295
242 , 20200220 , 31.732453024014827 , 113.36005384102465
243 , 20200220 , 31.75071501173079 , 113.21272061261186
244 , 20200220 , 31.68499938212335 , 113.47203087061642
245 , 20200220 , 31.645730643759702 , 113.38935856933935
246 , 20200221 , 31.70362956087461 , 113.3731232356371
247 , 20200221 , 31.70342319644988 , 113.38690543547271
248 , 20200221 , 31.7223300319165 , 113.35266502574085
249 , 20200221 , 31.668348982930183 , 113.3825195208192
250 , 20200221 , 31.725668627768755 , 113.35850536823273
251 , 20200221 , 31.709610644385823 , 113.3700179190812
252 , 20200223 , 31.732792491093274 , 113.40639000758527
253 , 20200226 , 31.720080978702754 , 113.37563349399716
254 , 20200331 , 31.716179955448645 , 113.35804706389034
